   3.3800000e+00  -8.3013900e-06
   3.3800240e+00  -8.4053380e-06
   3.3800490e+00  -8.1243960e-06
   3.3800730e+00  -8.3909010e-06
   3.3800980e+00  -8.2648930e-06
   3.3801220e+00  -8.0103530e-06
   3.3801470e+00  -8.4998960e-06
   3.3801710e+00  -8.4589000e-06
   3.3801960e+00  -8.0636540e-06
   3.3802200e+00  -8.3980280e-06
   3.3802440e+00  -8.3618700e-06
   3.3802690e+00  -8.2165090e-06
   3.3802930e+00  -8.2891630e-06
   3.3803180e+00  -7.9570000e-06
   3.3803420e+00  -7.8574990e-06
   3.3803670e+00  -8.3687890e-06
   3.3803910e+00  -8.1192960e-06
   3.3804150e+00  -8.3858540e-06
   3.3804400e+00  -8.1872170e-06
   3.3804640e+00  -7.9131930e-06
   3.3804890e+00  -7.9688350e-06
   3.3805130e+00  -7.8648090e-06
   3.3805380e+00  -7.9423020e-06
   3.3805620e+00  -8.1968420e-06
   3.3805870e+00  -8.3495660e-06
   3.3806110e+00  -8.5678170e-06
   3.3806350e+00  -8.6768120e-06
   3.3806600e+00  -8.4634780e-06
   3.3806840e+00  -8.6648460e-06
   3.3807090e+00  -8.5726030e-06
   3.3807330e+00  -8.1361010e-06
   3.3807580e+00  -8.1994440e-06
   3.3807820e+00  -8.1679420e-06
   3.3808060e+00  -7.9252890e-06
   3.3808310e+00  -8.5798610e-06
   3.3808550e+00  -7.9423020e-06
   3.3808800e+00  -8.1917430e-06
   3.3809040e+00  -8.0999430e-06
   3.3809290e+00  -8.3132770e-06
   3.3809530e+00  -8.1434100e-06
   3.3809780e+00  -7.9788510e-06
   3.3810020e+00  -8.0878470e-06
   3.3810260e+00  -7.7922320e-06
   3.3810510e+00  -7.9133240e-06
   3.3810750e+00  -8.2962120e-06
   3.3811000e+00  -8.2042820e-06
   3.3811240e+00  -8.1872170e-06
   3.3811490e+00  -8.1848760e-06
   3.3811730e+00  -8.4223510e-06
   3.3811970e+00  -8.1923160e-06
   3.3812220e+00  -8.0053840e-06
   3.3812460e+00  -8.2357320e-06
   3.3812710e+00  -8.3252430e-06
   3.3812950e+00  -8.6403930e-06
   3.3813200e+00  -8.1723890e-06
   3.3813440e+00  -8.2888240e-06
   3.3813690e+00  -8.3254520e-06
   3.3813930e+00  -8.2889550e-06
   3.3814170e+00  -8.3132770e-06
   3.3814420e+00  -8.4513810e-06
   3.3814660e+00  -8.5873010e-06
   3.3814910e+00  -8.5628480e-06
   3.3815150e+00  -8.2331300e-06
   3.3815400e+00  -8.0052540e-06
   3.3815640e+00  -7.9617080e-06
   3.3815880e+00  -8.2330000e-06
   3.3816130e+00  -8.2039690e-06
   3.3816370e+00  -8.2645800e-06
   3.3816620e+00  -8.8100780e-06
   3.3816860e+00  -8.4513810e-06
   3.3817110e+00  -8.4709960e-06
   3.3817350e+00  -8.3058370e-06
   3.3817600e+00  -8.1312620e-06
   3.3817840e+00  -8.0418030e-06
   3.3818080e+00  -8.0538990e-06
   3.3818330e+00  -8.4708660e-06
   3.3818570e+00  -8.3494350e-06
   3.3818820e+00  -7.9542680e-06
   3.3819060e+00  -7.8088540e-06
   3.3819310e+00  -7.7871330e-06
   3.3819550e+00  -8.5508820e-06
   3.3819790e+00  -8.3932420e-06
   3.3820040e+00  -8.3738880e-06
   3.3820280e+00  -8.2283440e-06
   3.3820530e+00  -8.1313140e-06
   3.3820770e+00  -8.0828780e-06
   3.3821020e+00  -8.3253730e-06
   3.3821260e+00  -8.3617920e-06
   3.3821510e+00  -8.3447270e-06
   3.3821750e+00  -8.3737580e-06
   3.3821990e+00  -8.2403880e-06
   3.3822240e+00  -7.9058830e-06
   3.3822480e+00  -8.4105160e-06
   3.3822730e+00  -8.4830140e-06
   3.3822970e+00  -8.3372870e-06
   3.3823220e+00  -7.7553700e-06
   3.3823460e+00  -8.1142490e-06
   3.3823700e+00  -8.3859320e-06
   3.3823950e+00  -8.2574530e-06
   3.3824190e+00  -8.3058370e-06
   3.3824440e+00  -8.1311840e-06
   3.3824680e+00  -7.8766440e-06
   3.3824930e+00  -8.0027830e-06
   3.3825170e+00  -8.0223190e-06
   3.3825420e+00  -7.9058830e-06
   3.3825660e+00  -8.4149630e-06
   3.3825900e+00  -8.7787580e-06
   3.3826150e+00  -8.8829150e-06
   3.3826390e+00  -8.2648930e-06
   3.3826640e+00  -7.7072470e-06
   3.3826880e+00  -8.0223190e-06
   3.3827130e+00  -8.5193800e-06
   3.3827370e+00  -8.3617920e-06
   3.3827610e+00  -8.2842470e-06
   3.3827860e+00  -8.4394160e-06
   3.3828100e+00  -8.4636080e-06
   3.3828350e+00  -8.2163780e-06
   3.3828590e+00  -8.1311840e-06
   3.3828840e+00  -8.2402570e-06
   3.3829080e+00  -7.8647570e-06
   3.3829330e+00  -7.8524520e-06
   3.3829570e+00  -8.2963430e-06
   3.3829810e+00  -8.0879770e-06
   3.3830060e+00  -8.0393320e-06
   3.3830300e+00  -8.2162480e-06
   3.3830550e+00  -8.3179330e-06
   3.3830790e+00  -7.9423020e-06
   3.3831040e+00  -8.1969720e-06
   3.3831280e+00  -8.0707030e-06
   3.3831520e+00  -7.7677790e-06
   3.3831770e+00  -7.8333070e-06
   3.3832010e+00  -7.6347220e-06
   3.3832260e+00  -7.7847920e-06
   3.3832500e+00  -7.5378230e-06
   3.3832750e+00  -7.9254200e-06
   3.3832990e+00  -8.0639150e-06
   3.3833240e+00  -7.8455330e-06
   3.3833480e+00  -7.8648870e-06
   3.3833720e+00  -7.7243120e-06
   3.3833970e+00  -8.0953650e-06
   3.3834210e+00  -8.5679470e-06
   3.3834460e+00  -8.7813600e-06
   3.3834700e+00  -8.6334750e-06
   3.3834950e+00  -8.1682020e-06
   3.3835190e+00  -8.4589520e-06
   3.3835430e+00  -8.5922180e-06
   3.3835680e+00  -7.8578900e-06
   3.3835920e+00  -7.9619690e-06
   3.3836170e+00  -8.2820360e-06
   3.3836410e+00  -8.5073360e-06
   3.3836660e+00  -8.3132770e-06
   3.3836900e+00  -8.3255040e-06
   3.3837150e+00  -8.2284740e-06
   3.3837390e+00  -8.7545660e-06
   3.3837630e+00  -8.3789350e-06
   3.3837880e+00  -8.3932420e-06
   3.3838120e+00  -8.1873480e-06
   3.3838370e+00  -7.7266530e-06
   3.3838610e+00  -7.9132720e-06
   3.3838860e+00  -7.7557620e-06
   3.3839100e+00  -7.4843400e-06
   3.3839350e+00  -7.8527910e-06
   3.3839590e+00  -8.3738880e-06
   3.3839830e+00  -8.5194330e-06
   3.3840080e+00  -8.5993970e-06
   3.3840320e+00  -8.2963430e-06
   3.3840570e+00  -8.0901880e-06
   3.3840810e+00  -8.3323700e-06
   3.3841060e+00  -7.8937870e-06
   3.3841300e+00  -8.2962120e-06
   3.3841540e+00  -8.0297070e-06
   3.3841790e+00  -7.9543980e-06
   3.3842030e+00  -8.2163260e-06
   3.3842280e+00  -7.8721970e-06
   3.3842520e+00  -8.0174810e-06
   3.3842770e+00  -7.9788510e-06
   3.3843010e+00  -8.4708660e-06
   3.3843260e+00  -8.5797830e-06
   3.3843500e+00  -8.2650230e-06
   3.3843740e+00  -8.3374690e-06
   3.3843990e+00  -8.5920090e-06
   3.3844230e+00  -8.0103530e-06
   3.3844480e+00  -8.1119080e-06
   3.3844720e+00  -7.8527130e-06
   3.3844970e+00  -8.3423860e-06
   3.3845210e+00  -8.2964730e-06
   3.3845450e+00  -8.6092830e-06
   3.3845700e+00  -8.3984190e-06
   3.3845940e+00  -8.2894240e-06
   3.3846190e+00  -8.1363610e-06
   3.3846430e+00  -7.9692270e-06
   3.3846680e+00  -8.3863750e-06
   3.3846920e+00  -8.3133560e-06
   3.3847170e+00  -8.3304200e-06
   3.3847410e+00  -7.9087460e-06
   3.3847650e+00  -8.1364920e-06
   3.3847900e+00  -7.9789820e-06
   3.3848140e+00  -8.2964730e-06
   3.3848390e+00  -7.9328080e-06
   3.3848630e+00  -7.7849230e-06
   3.3848880e+00  -8.1969720e-06
   3.3849120e+00  -8.1194270e-06
   3.3849360e+00  -8.6284280e-06
   3.3849610e+00  -8.1268670e-06
   3.3849850e+00  -8.5313460e-06
   3.3850100e+00  -8.3859840e-06
   3.3850340e+00  -8.1627640e-06
   3.3850590e+00  -8.0656040e-06
   3.3850830e+00  -8.0999430e-06
   3.3851080e+00  -8.2232450e-06
   3.3851320e+00  -7.8889490e-06
   3.3851560e+00  -8.2574530e-06
   3.3851810e+00  -8.0537690e-06
   3.3852050e+00  -8.7083920e-06
   3.3852300e+00  -8.1604230e-06
   3.3852540e+00  -8.2210340e-06
   3.3852790e+00  -8.3419950e-06
   3.3853030e+00  -7.9542680e-06
   3.3853270e+00  -8.1869560e-06
   3.3853520e+00  -7.7871330e-06
   3.3853760e+00  -8.1555060e-06
   3.3854010e+00  -8.4754430e-06
   3.3854250e+00  -8.0104320e-06
   3.3854500e+00  -8.3423860e-06
   3.3854740e+00  -8.2890850e-06
   3.3854990e+00  -8.0879770e-06
   3.3855230e+00  -8.1315230e-06
   3.3855470e+00  -7.7485040e-06
   3.3855720e+00  -7.9668860e-06
   3.3855960e+00  -7.9813230e-06
   3.3856210e+00  -8.0154000e-06
   3.3856450e+00  -8.4784360e-06
   3.3856700e+00  -8.4274500e-06
   3.3856940e+00  -8.3376000e-06
   3.3857180e+00  -8.2819060e-06
   3.3857430e+00  -8.1923160e-06
   3.3857670e+00  -8.7909850e-06
   3.3857920e+00  -8.4831440e-06
   3.3858160e+00  -7.9982570e-06
   3.3858410e+00  -8.0416730e-06
   3.3858650e+00  -7.9931580e-06
   3.3858900e+00  -8.0514280e-06
   3.3859140e+00  -8.3058370e-06
   3.3859380e+00  -8.7909850e-06
   3.3859630e+00  -8.6284280e-06
   3.3859870e+00  -8.3133560e-06
   3.3860120e+00  -8.2090680e-06
   3.3860360e+00  -8.0998120e-06
   3.3860610e+00  -8.0297070e-06
   3.3860850e+00  -8.3013120e-06
   3.3861090e+00  -8.2648930e-06
   3.3861340e+00  -8.1243960e-06
   3.3861580e+00  -8.1753820e-06
   3.3861830e+00  -8.3547430e-06
   3.3862070e+00  -8.1752510e-06
   3.3862320e+00  -8.6043660e-06
   3.3862560e+00  -8.2359930e-06
   3.3862810e+00  -8.2964730e-06
   3.3863050e+00  -8.0468500e-06
   3.3863290e+00  -7.9186320e-06
   3.3863540e+00  -7.8844240e-06
   3.3863780e+00  -8.2647630e-06
   3.3864030e+00  -8.2648930e-06
   3.3864270e+00  -7.9207120e-06
   3.3864520e+00  -7.9934190e-06
   3.3864760e+00  -8.0999430e-06
   3.3865000e+00  -8.0349370e-06
   3.3865250e+00  -8.2358620e-06
   3.3865490e+00  -8.5558510e-06
   3.3865740e+00  -8.5193800e-06
   3.3865980e+00  -7.9013580e-06
   3.3866230e+00  -7.5983040e-06
   3.3866470e+00  -8.0297070e-06
   3.3866720e+00  -8.3911620e-06
   3.3866960e+00  -8.3304200e-06
   3.3867200e+00  -8.2044120e-06
   3.3867450e+00  -8.1923950e-06
   3.3867690e+00  -8.2527970e-06
   3.3867940e+00  -8.2769890e-06
   3.3868180e+00  -8.2770670e-06
   3.3868430e+00  -7.7800840e-06
   3.3868670e+00  -7.9738040e-06
   3.3868910e+00  -7.6829760e-06
   3.3869160e+00  -8.1022840e-06
   3.3869400e+00  -7.9909470e-06
   3.3869650e+00  -8.1796990e-06
   3.3869890e+00  -8.2574530e-06
   3.3870140e+00  -8.5434420e-06
   3.3870380e+00  -8.4394160e-06
   3.3870630e+00  -8.1969720e-06
   3.3870870e+00  -8.3544820e-06
   3.3871110e+00  -8.4465430e-06
   3.3871360e+00  -8.1920030e-06
   3.3871600e+00  -8.5387860e-06
   3.3871850e+00  -7.9423020e-06
   3.3872090e+00  -7.7387490e-06
   3.3872340e+00  -8.3859840e-06
   3.3872580e+00  -8.2768590e-06
   3.3872830e+00  -8.2478280e-06
   3.3873070e+00  -8.2524840e-06
   3.3873310e+00  -8.2405180e-06
   3.3873560e+00  -8.5920090e-06
   3.3873800e+00  -8.2210340e-06
   3.3874050e+00  -8.1484570e-06
   3.3874290e+00  -8.4830920e-06
   3.3874540e+00  -8.6769430e-06
   3.3874780e+00  -8.2820360e-06
   3.3875020e+00  -8.6454410e-06
   3.3875270e+00  -8.6358160e-06
   3.3875510e+00  -8.3861930e-06
   3.3875760e+00  -8.1557670e-06
   3.3876000e+00  -8.5119920e-06
   3.3876250e+00  -8.1557670e-06
   3.3876490e+00  -7.7849230e-06
   3.3876740e+00  -7.7606000e-06
   3.3876980e+00  -8.3910310e-06
   3.3877220e+00  -8.6769430e-06
   3.3877470e+00  -8.5361840e-06
   3.3877710e+00  -8.1434100e-06
   3.3877960e+00  -8.3858540e-06
   3.3878200e+00  -8.0463810e-06
   3.3878450e+00  -8.2038910e-06
   3.3878690e+00  -8.1192180e-06
   3.3878930e+00  -8.3132770e-06
   3.3879180e+00  -7.9178490e-06
   3.3879420e+00  -7.8766440e-06
   3.3879670e+00  -8.2768060e-06
   3.3879910e+00  -8.4513810e-06
   3.3880160e+00  -8.5992670e-06
   3.3880400e+00  -8.3205350e-06
   3.3880650e+00  -8.4222730e-06
   3.3880890e+00  -8.3737580e-06
   3.3881130e+00  -8.4052080e-06
   3.3881380e+00  -8.5193800e-06
   3.3881620e+00  -8.2964730e-06
   3.3881870e+00  -8.5073360e-06
   3.3882110e+00  -8.0588160e-06
   3.3882360e+00  -8.3013120e-06
   3.3882600e+00  -8.3448580e-06
   3.3882840e+00  -8.1318360e-06
   3.3883090e+00  -8.3620010e-06
   3.3883330e+00  -8.1389630e-06
   3.3883580e+00  -7.6907560e-06
   3.3883820e+00  -8.3500350e-06
   3.3884070e+00  -8.3986020e-06
   3.3884310e+00  -8.0059060e-06
   3.3884560e+00  -8.0470330e-06
   3.3884800e+00  -7.9863700e-06
   3.3885040e+00  -7.9863700e-06
   3.3885290e+00  -8.0155310e-06
   3.3885530e+00  -8.0471630e-06
   3.3885780e+00  -7.9986480e-06
   3.3886020e+00  -8.3573450e-06
   3.3886270e+00  -8.7210100e-06
   3.3886510e+00  -8.1924470e-06
   3.3886750e+00  -7.8044590e-06
   3.3887000e+00  -7.8095060e-06
   3.3887240e+00  -7.6833150e-06
   3.3887490e+00  -8.1074610e-06
   3.3887730e+00  -8.2118010e-06
   3.3887980e+00  -7.8578900e-06
   3.3888220e+00  -8.0348060e-06
   3.3888470e+00  -8.2044120e-06
   3.3888710e+00  -7.8772960e-06
   3.3888950e+00  -7.9696180e-06
   3.3889200e+00  -8.0520800e-06
   3.3889440e+00  -7.9623600e-06
   3.3889690e+00  -7.9744040e-06
   3.3889930e+00  -8.1390940e-06
   3.3890180e+00  -8.2968640e-06
   3.3890420e+00  -7.9502120e-06
   3.3890660e+00  -7.8775050e-06
   3.3890910e+00  -7.9865520e-06
   3.3891150e+00  -7.9865000e-06
   3.3891400e+00  -7.6470270e-06
   3.3891640e+00  -7.5670620e-06
   3.3891890e+00  -7.6399000e-06
   3.3892130e+00  -7.9796340e-06
   3.3892380e+00  -8.1396150e-06
   3.3892620e+00  -8.2460090e-06
   3.3892860e+00  -8.2170300e-06
   3.3893110e+00  -8.2095900e-06
   3.3893350e+00  -8.0280180e-06
   3.3893600e+00  -8.1128210e-06
   3.3893840e+00  -8.1370130e-06
   3.3894090e+00  -8.0594680e-06
   3.3894330e+00  -7.8658000e-06
   3.3894570e+00  -8.1445840e-06
   3.3894820e+00  -8.0959390e-06
   3.3895060e+00  -8.1878690e-06
   3.3895310e+00  -7.6789200e-06
   3.3895550e+00  -7.7491560e-06
   3.3895800e+00  -8.0645670e-06
   3.3896040e+00  -7.6475490e-06
   3.3896290e+00  -7.7928840e-06
   3.3896530e+00  -7.6473400e-06
   3.3896770e+00  -7.4489640e-06
   3.3897020e+00  -7.7638540e-06
   3.3897260e+00  -8.0040870e-06
   3.3897510e+00  -7.9944620e-06
   3.3897750e+00  -8.2542310e-06
   3.3898000e+00  -8.0406360e-06
   3.3898240e+00  -7.8489180e-06
   3.3898480e+00  -7.6355830e-06
   3.3898730e+00  -7.9436060e-06
   3.3898970e+00  -7.8608830e-06
   3.3899220e+00  -7.9991180e-06
   3.3899460e+00  -7.6720540e-06
   3.3899710e+00  -7.9870740e-06
   3.3899950e+00  -7.5265100e-06
   3.3900200e+00  -7.5869900e-06
   3.3900440e+00  -7.8245950e-06
   3.3900680e+00  -7.3325810e-06
   3.3900930e+00  -7.3130440e-06
   3.3901170e+00  -7.5752850e-06
   3.3901420e+00  -7.7256160e-06
   3.3901660e+00  -7.4781250e-06
   3.3901910e+00  -7.8467070e-06
   3.3902150e+00  -7.5268490e-06
   3.3902390e+00  -7.6357660e-06
   3.3902640e+00  -7.6482010e-06
   3.3902880e+00  -7.9198050e-06
   3.3903130e+00  -7.6774920e-06
   3.3903370e+00  -7.8668430e-06
   3.3903620e+00  -7.7890890e-06
   3.3903860e+00  -7.4060700e-06
   3.3904110e+00  -7.3697820e-06
   3.3904350e+00  -7.2532160e-06
   3.3904590e+00  -7.2120110e-06
   3.3904840e+00  -7.0061170e-06
   3.3905080e+00  -7.0862120e-06
   3.3905330e+00  -6.9387180e-06
   3.3905570e+00  -7.2246290e-06
   3.3905820e+00  -7.0596780e-06
   3.3906060e+00  -7.1881580e-06
   3.3906300e+00  -7.1397740e-06
   3.3906550e+00  -7.0717750e-06
   3.3906790e+00  -6.8732680e-06
   3.3907040e+00  -6.7471300e-06
   3.3907280e+00  -6.6356630e-06
   3.3907530e+00  -6.3714990e-06
   3.3907770e+00  -6.5095250e-06
   3.3908020e+00  -6.6601160e-06
   3.3908260e+00  -6.6238280e-06
   3.3908500e+00  -6.7159410e-06
   3.3908750e+00  -6.4564320e-06
   3.3908990e+00  -6.2555070e-06
   3.3909240e+00  -6.7475210e-06
   3.3909480e+00  -6.3162480e-06
   3.3909730e+00  -6.3159350e-06
   3.3909970e+00  -6.2264760e-06
   3.3910220e+00  -6.0979440e-06
   3.3910460e+00  -6.1464590e-06
   3.3910700e+00  -5.9839020e-06
   3.3910950e+00  -5.9524520e-06
   3.3911190e+00  -5.9886880e-06
   3.3911440e+00  -5.9450120e-06
   3.3911680e+00  -5.6127180e-06
   3.3911930e+00  -5.9711540e-06
   3.3912170e+00  -5.9882190e-06
   3.3912410e+00  -5.9444900e-06
   3.3912660e+00  -5.9924840e-06
   3.3912900e+00  -5.7524330e-06
   3.3913150e+00  -5.7522510e-06
   3.3913390e+00  -6.0623540e-06
   3.3913640e+00  -5.9529680e-06
   3.3913880e+00  -6.5249730e-06
   3.3914130e+00  -6.2921800e-06
   3.3914370e+00  -6.6532430e-06
   3.3914610e+00  -6.3815080e-06
   3.3914860e+00  -6.7496210e-06
   3.3915100e+00  -6.9674810e-06
   3.3915350e+00  -6.7564870e-06
   3.3915590e+00  -7.2334650e-06
   3.3915840e+00  -6.9257540e-06
   3.3916080e+00  -7.4200840e-06
   3.3916320e+00  -7.2528180e-06
   3.3916570e+00  -7.5484850e-06
   3.3916810e+00  -7.4273930e-06
   3.3917060e+00  -7.5970780e-06
   3.3917300e+00  -7.7014170e-06
   3.3917550e+00  -7.9899040e-06
   3.3917790e+00  -7.5801950e-06
   3.3918040e+00  -7.7864810e-06
   3.3918280e+00  -8.4747910e-06
   3.3918520e+00  -7.8469620e-06
   3.3918770e+00  -7.7791710e-06
   3.3919010e+00  -7.7379660e-06
   3.3919260e+00  -7.6872410e-06
   3.3919500e+00  -7.6170050e-06
   3.3919750e+00  -7.9562180e-06
   3.3919990e+00  -7.5735900e-06
   3.3920230e+00  -8.0172200e-06
   3.3920480e+00  -7.6827940e-06
   3.3920720e+00  -7.4647250e-06
   3.3920970e+00  -7.7142960e-06
   3.3921210e+00  -7.7193430e-06
   3.3921460e+00  -7.3482890e-06
   3.3921700e+00  -6.8465200e-06
   3.3921950e+00  -7.4356940e-06
   3.3922190e+00  -7.7191340e-06
   3.3922430e+00  -7.1371650e-06
   3.3922680e+00  -7.0475760e-06
   3.3922920e+00  -7.4840790e-06
   3.3923170e+00  -7.3072150e-06
   3.3923410e+00  -6.8467290e-06
   3.3923660e+00  -7.1132860e-06
   3.3923900e+00  -7.1254610e-06
   3.3924140e+00  -6.9436800e-06
   3.3924390e+00  -7.2633560e-06
   3.3924630e+00  -7.3310160e-06
   3.3924880e+00  -7.0885200e-06
   3.3925120e+00  -6.8049240e-06
   3.3925370e+00  -7.3720900e-06
   3.3925610e+00  -7.2774020e-06
   3.3925860e+00  -7.7424920e-06
   3.3926100e+00  -7.6090960e-06
   3.3926340e+00  -7.2819790e-06
   3.3926590e+00  -7.5605810e-06
   3.3926830e+00  -7.5604500e-06
   3.3927080e+00  -7.6015250e-06
   3.3927320e+00  -7.7178300e-06
   3.3927570e+00  -7.6136210e-06
   3.3927810e+00  -8.0039500e-06
   3.3928050e+00  -7.8876450e-06
   3.3928300e+00  -8.0084750e-06
   3.3928540e+00  -7.9044490e-06
   3.3928790e+00  -8.0086580e-06
   3.3929030e+00  -7.7712620e-06
   3.3929280e+00  -7.9675310e-06
   3.3929520e+00  -7.7543790e-06
   3.3929770e+00  -8.2075030e-06
   3.3930010e+00  -8.1107350e-06
   3.3930250e+00  -7.9965620e-06
   3.3930500e+00  -8.1783950e-06
   3.3930740e+00  -8.0523340e-06
   3.3930990e+00  -8.1108650e-06
   3.3931230e+00  -7.8031030e-06
   3.3931480e+00  -7.6769640e-06
   3.3931720e+00  -8.1107350e-06
   3.3931960e+00  -7.5971300e-06
   3.3932210e+00  -7.8635830e-06
   3.3932450e+00  -8.2031080e-06
   3.3932700e+00  -8.3366350e-06
   3.3932940e+00  -8.2950390e-06
   3.3933190e+00  -7.7715220e-06
   3.3933430e+00  -7.8756790e-06
   3.3933680e+00  -7.9045790e-06
   3.3933920e+00  -7.6814900e-06
   3.3934160e+00  -8.0039500e-06
   3.3934410e+00  -7.7977950e-06
   3.3934650e+00  -7.7979250e-06
   3.3934900e+00  -8.3771100e-06
   3.3935140e+00  -8.3285950e-06
   3.3935390e+00  -8.3404300e-06
   3.3935630e+00  -8.1465010e-06
   3.3935870e+00  -8.0032980e-06
   3.3936120e+00  -8.2018830e-06
   3.3936360e+00  -7.9523120e-06
   3.3936610e+00  -7.9763740e-06
   3.3936850e+00  -7.8209960e-06
   3.3937100e+00  -8.4196640e-06
   3.3937340e+00  -8.2861640e-06
   3.3937590e+00  -8.2787760e-06
   3.3937830e+00  -8.6011060e-06
   3.3938070e+00  -8.6930360e-06
   3.3938320e+00  -8.7828860e-06
   3.3938560e+00  -8.8021620e-06
   3.3938810e+00  -9.0661960e-06
   3.3939050e+00  -9.0125820e-06
   3.3939300e+00  -9.0127120e-06
   3.3939540e+00  -9.7033630e-06
   3.3939780e+00  -9.5773550e-06
   3.3940030e+00  -9.8366030e-06
   3.3940270e+00  -9.8972140e-06
   3.3940520e+00  -9.5697060e-06
   3.3940760e+00  -9.6859590e-06
   3.3941010e+00  -9.7586660e-06
   3.3941250e+00  -1.0066640e-05
   3.3941500e+00  -9.5093560e-06
   3.3941740e+00  -1.0066770e-05
   3.3941980e+00  -1.0175760e-05
   3.3942230e+00  -1.0352810e-05
   3.3942470e+00  -1.0171370e-05
   3.3942720e+00  -1.0241860e-05
   3.3942960e+00  -1.0304950e-05
   3.3943210e+00  -1.0375440e-05
   3.3943450e+00  -1.0450880e-05
   3.3943700e+00  -1.0133520e-05
   3.3943940e+00  -1.0153010e-05
   3.3944180e+00  -9.7774260e-06
   3.3944430e+00  -1.0032230e-05
   3.3944670e+00  -9.9887590e-06
   3.3944920e+00  -9.7707690e-06
   3.3945160e+00  -9.7901220e-06
   3.3945410e+00  -9.6740000e-06
   3.3945650e+00  -9.6691610e-06
   3.3945890e+00  -9.2862730e-06
   3.3946140e+00  -9.3834330e-06
   3.3946380e+00  -9.4929500e-06
   3.3946630e+00  -9.2987600e-06
   3.3946870e+00  -9.1002540e-06
   3.3947120e+00  -9.2406210e-06
   3.3947360e+00  -8.9548400e-06
   3.3947610e+00  -9.2869250e-06
   3.3947850e+00  -8.8580710e-06
   3.3948090e+00  -8.9864720e-06
   3.3948340e+00  -8.7052690e-06
   3.3948580e+00  -9.0689340e-06
   3.3948830e+00  -9.0763750e-06
   3.3949070e+00  -8.7489450e-06
   3.3949320e+00  -8.6450490e-06
   3.3949560e+00  -8.9672490e-06
   3.3949800e+00  -8.7321930e-06
   3.3950050e+00  -8.8219650e-06
   3.3950290e+00  -8.7323240e-06
   3.3950540e+00  -8.9140260e-06
   3.3950780e+00  -8.2403880e-06
   3.3951030e+00  -8.4097330e-06
   3.3951270e+00  -8.4097330e-06
   3.3951520e+00  -8.7975120e-06
   3.3951760e+00  -8.4145720e-06
   3.3952000e+00  -8.5987450e-06
   3.3952250e+00  -8.4872780e-06
   3.3952490e+00  -8.3854100e-06
   3.3952740e+00  -8.5501000e-06
   3.3952980e+00  -8.5986150e-06
   3.3953230e+00  -8.2688970e-06
   3.3953470e+00  -8.1599010e-06
   3.3953710e+00  -8.5113400e-06
   3.3953960e+00  -8.5552770e-06
   3.3954200e+00  -8.7076100e-06
   3.3954450e+00  -8.3734450e-06
   3.3954690e+00  -8.6645860e-06
   3.3954940e+00  -8.3925900e-06
   3.3955180e+00  -8.1381810e-06
   3.3955430e+00  -8.8022990e-06
   3.3955670e+00  -8.7294610e-06
   3.3955910e+00  -8.4218290e-06
   3.3956160e+00  -8.4702140e-06
   3.3956400e+00  -8.7173650e-06
   3.3956650e+00  -8.7247530e-06
   3.3956890e+00  -8.4821010e-06
   3.3957140e+00  -8.7001700e-06
   3.3957380e+00  -8.7316720e-06
   3.3957620e+00  -8.5740310e-06
   3.3957870e+00  -8.3123120e-06
   3.3958110e+00  -8.7896810e-06
   3.3958360e+00  -8.5982240e-06
   3.3958600e+00  -8.5546780e-06
   3.3958850e+00  -8.9303870e-06
   3.3959090e+00  -8.8816630e-06
   3.3959340e+00  -8.6755860e-06
   3.3959580e+00  -8.7847120e-06
   3.3959820e+00  -9.0027550e-06
   3.3960070e+00  -8.5906530e-06
   3.3960310e+00  -8.8258390e-06
   3.3960560e+00  -8.7047470e-06
   3.3960800e+00  -8.6562330e-06
   3.3961050e+00  -9.0946850e-06
   3.3961290e+00  -8.8936290e-06
   3.3961530e+00  -8.6585740e-06
   3.3961780e+00  -9.1772780e-06
   3.3962020e+00  -8.9471910e-06
   3.3962270e+00  -8.8622570e-06
   3.3962510e+00  -8.8816110e-06
   3.3962760e+00  -9.0563170e-06
   3.3963000e+00  -8.9423520e-06
   3.3963250e+00  -9.0031460e-06
   3.3963490e+00  -8.8577320e-06
   3.3963730e+00  -9.0516610e-06
   3.3963980e+00  -9.0322550e-06
   3.3964220e+00  -9.2652040e-06
   3.3964470e+00  -8.9621500e-06
   3.3964710e+00  -9.1486900e-06
   3.3964960e+00  -8.7974600e-06
   3.3965200e+00  -8.8631700e-06
   3.3965440e+00  -9.2822690e-06
   3.3965690e+00  -8.8508130e-06
   3.3965930e+00  -8.5503610e-06
   3.3966180e+00  -8.9067680e-06
   3.3966420e+00  -8.8270120e-06
   3.3966670e+00  -9.0329070e-06
   3.3966910e+00  -8.9750280e-06
   3.3967160e+00  -8.8635610e-06
   3.3967400e+00  -8.9869940e-06
   3.3967640e+00  -8.7202280e-06
   3.3967890e+00  -9.0959890e-06
   3.3968130e+00  -8.6523070e-06
   3.3968380e+00  -8.6354250e-06
   3.3968620e+00  -8.1312620e-06
   3.3968870e+00  -8.3784140e-06
   3.3969110e+00  -8.4827530e-06
   3.3969350e+00  -8.3978200e-06
   3.3969600e+00  -8.4777840e-06
   3.3969840e+00  -8.4757040e-06
   3.3970090e+00  -8.5799130e-06
   3.3970330e+00  -8.1194790e-06
   3.3970580e+00  -8.4053380e-06
   3.3970820e+00  -8.2767280e-06
   3.3971070e+00  -8.3058370e-06
   3.3971310e+00  -8.2162480e-06
   3.3971550e+00  -8.2405180e-06
   3.3971800e+00  -8.2209040e-06
   3.3972040e+00  -8.2648930e-06
   3.3972290e+00  -8.6091520e-06
   3.3972530e+00  -8.4516420e-06
   3.3972780e+00  -8.4222730e-06
   3.3973020e+00  -8.6887780e-06
   3.3973260e+00  -8.6282970e-06
   3.3973510e+00  -8.3617920e-06
   3.3973750e+00  -8.1626340e-06
   3.3974000e+00  -8.0220060e-06
   3.3974240e+00  -8.2718900e-06
   3.3974490e+00  -8.6088910e-06
   3.3974730e+00  -8.5966650e-06
   3.3974980e+00  -8.5553300e-06
   3.3975220e+00  -8.3058370e-06
   3.3975460e+00  -8.7905940e-06
   3.3975710e+00  -8.5555380e-06
   3.3975950e+00  -8.5119920e-06
   3.3976200e+00  -8.6208570e-06
   3.3976440e+00  -8.2934800e-06
   3.3976690e+00  -8.3782830e-06
   3.3976930e+00  -8.7247530e-06
   3.3977170e+00  -8.0388100e-06
   3.3977420e+00  -8.6956440e-06
   3.3977660e+00  -8.6449190e-06
   3.3977910e+00  -8.6472600e-06
   3.3978150e+00  -8.5186500e-06
   3.3978400e+00  -8.3611400e-06
   3.3978640e+00  -8.4533310e-06
   3.3978890e+00  -8.9309080e-06
   3.3979130e+00  -8.7854940e-06
   3.3979370e+00  -8.5621960e-06
   3.3979620e+00  -8.8748750e-06
   3.3979860e+00  -8.6714520e-06
   3.3980110e+00  -8.5255170e-06
   3.3980350e+00  -8.5113400e-06
   3.3980600e+00  -8.3898580e-06
   3.3980840e+00  -8.6834180e-06
   3.3981090e+00  -9.0277290e-06
   3.3981330e+00  -9.0882880e-06
   3.3981570e+00  -9.2093790e-06
   3.3981820e+00  -8.6761600e-06
   3.3982060e+00  -8.4628250e-06
   3.3982310e+00  -9.0929960e-06
   3.3982550e+00  -8.9837400e-06
   3.3982800e+00  -9.0591790e-06
   3.3983040e+00  -9.0204200e-06
   3.3983280e+00  -8.8652500e-06
   3.3983530e+00  -8.8942810e-06
   3.3983770e+00  -8.7853640e-06
   3.3984020e+00  -8.8411890e-06
   3.3984260e+00  -8.9068470e-06
   3.3984510e+00  -9.0159720e-06
   3.3984750e+00  -8.8825240e-06
   3.3985000e+00  -8.6400020e-06
   3.3985240e+00  -8.7055300e-06
   3.3985480e+00  -8.5553300e-06
   3.3985730e+00  -8.5673740e-06
   3.3985970e+00  -8.4052080e-06
   3.3986220e+00  -8.8583320e-06
   3.3986460e+00  -8.8634310e-06
   3.3986710e+00  -9.0037980e-06
   3.3986950e+00  -8.8271430e-06
   3.3987190e+00  -8.8270120e-06
   3.3987440e+00  -8.5723420e-06
   3.3987680e+00  -8.5504910e-06
   3.3987930e+00  -8.7059210e-06
   3.3988170e+00  -8.7933260e-06
   3.3988420e+00  -8.5753350e-06
   3.3988660e+00  -8.9751590e-06
   3.3988910e+00  -8.5605070e-06
   3.3989150e+00  -8.4345770e-06
   3.3989390e+00  -8.5194330e-06
   3.3989640e+00  -8.0394620e-06
   3.3989880e+00  -8.4101240e-06
   3.3990130e+00  -8.4149630e-06
   3.3990370e+00  -8.1313920e-06
   3.3990620e+00  -8.3910310e-06
   3.3990860e+00  -8.1313920e-06
   3.3991100e+00  -8.2453570e-06
   3.3991350e+00  -8.0588160e-06
   3.3991590e+00  -8.3665780e-06
   3.3991840e+00  -8.1632860e-06
   3.3992080e+00  -8.4513810e-06
   3.3992330e+00  -7.9426930e-06
   3.3992570e+00  -8.7134400e-06
   3.3992820e+00  -8.3863750e-06
   3.3993060e+00  -8.1074610e-06
   3.3993300e+00  -8.2940020e-06
   3.3993550e+00  -8.1195570e-06
   3.3993790e+00  -8.0589460e-06
   3.3994040e+00  -8.1558980e-06
   3.3994280e+00  -7.9813230e-06
   3.3994530e+00  -8.3790660e-06
   3.3994770e+00  -8.8272730e-06
   3.3995010e+00  -8.3426470e-06
   3.3995260e+00  -8.4637380e-06
   3.3995500e+00  -8.7255360e-06
   3.3995750e+00  -8.1558450e-06
   3.3995990e+00  -8.2529270e-06
   3.3996240e+00  -8.1753820e-06
   3.3996480e+00  -8.5873010e-06
   3.3996730e+00  -8.4516420e-06
   3.3996970e+00  -8.3932420e-06
   3.3997210e+00  -8.1725190e-06
   3.3997460e+00  -7.9132720e-06
   3.3997700e+00  -8.5387860e-06
   3.3997950e+00  -8.4948490e-06
   3.3998190e+00  -8.7858860e-06
   3.3998440e+00  -8.2648930e-06
   3.3998680e+00  -8.1558450e-06
   3.3998920e+00  -8.6113630e-06
   3.3999170e+00  -8.0709120e-06
   3.3999410e+00  -8.1000730e-06
   3.3999660e+00  -8.3617920e-06
   3.3999900e+00  -8.8223570e-06
   3.4000150e+00  -8.3254520e-06
   3.4000390e+00  -7.9740130e-06
   3.4000640e+00  -8.2237660e-06
   3.4000880e+00  -8.2527970e-06
   3.4001120e+00  -8.3983410e-06
   3.4001370e+00  -8.3860630e-06
   3.4001610e+00  -8.0103530e-06
   3.4001860e+00  -7.8042760e-06
   3.4002100e+00  -8.1872170e-06
   3.4002350e+00  -8.0348060e-06
   3.4002590e+00  -8.0274960e-06
   3.4002830e+00  -8.1800380e-06
   3.4003080e+00  -7.8527910e-06
   3.4003320e+00  -8.1632860e-06
   3.4003570e+00  -8.1147710e-06
   3.4003810e+00  -8.2648930e-06
   3.4004060e+00  -8.2211640e-06
   3.4004300e+00  -8.4466730e-06
   3.4004550e+00  -7.9255500e-06
   3.4004790e+00  -7.9864220e-06
   3.4005030e+00  -8.0394620e-06
   3.4005280e+00  -8.3790660e-06
   3.4005520e+00  -8.3500350e-06
   3.4005770e+00  -8.5484110e-06
   3.4006010e+00  -8.2357320e-06
   3.4006260e+00  -8.0949740e-06
   3.4006500e+00  -8.3448580e-06
   3.4006740e+00  -8.2405700e-06
   3.4006990e+00  -8.7424700e-06
   3.4007230e+00  -8.9195950e-06
   3.4007480e+00  -8.3983410e-06
   3.4007720e+00  -8.3013900e-06
   3.4007970e+00  -8.0103530e-06
   3.4008210e+00  -7.9543980e-06
   3.4008460e+00  -7.9982570e-06
   3.4008700e+00  -7.8842930e-06
   3.4008940e+00  -8.3253730e-06
   3.4009190e+00  -8.3136160e-06
   3.4009430e+00  -8.1994440e-06
   3.4009680e+00  -8.1609450e-06
   3.4009920e+00  -8.2211640e-06
   3.4010170e+00  -7.8527910e-06
   3.4010410e+00  -8.2889030e-06
   3.4010650e+00  -8.3133560e-06
   3.4010900e+00  -8.0999430e-06
   3.4011140e+00  -8.3495660e-06
   3.4011390e+00  -7.9375160e-06
   3.4011630e+00  -8.1993130e-06
   3.4011880e+00  -8.2648930e-06
   3.4012120e+00  -8.4103850e-06
   3.4012370e+00  -8.3423860e-06
   3.4012610e+00  -7.9619170e-06
   3.4012850e+00  -8.4053380e-06
   3.4013100e+00  -8.2842470e-06
   3.4013340e+00  -8.1315750e-06
   3.4013590e+00  -7.9570000e-06
   3.4013830e+00  -8.2090680e-06
   3.4014080e+00  -8.3740970e-06
   3.4014320e+00  -8.3859320e-06
   3.4014570e+00  -8.5313460e-06
   3.4014810e+00  -8.4394160e-06
   3.4015050e+00  -8.3983410e-06
   3.4015300e+00  -8.2163780e-06
   3.4015540e+00  -8.4830140e-06
   3.4015790e+00  -8.5605070e-06
   3.4016030e+00  -7.9328080e-06
   3.4016280e+00  -8.3499050e-06
   3.4016520e+00  -7.9013580e-06
   3.4016760e+00  -8.0830080e-06
   3.4017010e+00  -8.4708660e-06
   3.4017250e+00  -8.1558450e-06
   3.4017500e+00  -8.3932420e-06
   3.4017740e+00  -8.2044910e-06
   3.4017990e+00  -8.2940020e-06
   3.4018230e+00  -8.0102230e-06
   3.4018480e+00  -8.4537220e-06
   3.4018720e+00  -7.8939180e-06
   3.4018960e+00  -8.0950260e-06
   3.4019210e+00  -8.5193800e-06
   3.4019450e+00  -8.5678170e-06
   3.4019700e+00  -8.3495660e-06
   3.4019940e+00  -8.1506680e-06
   3.4020190e+00  -8.3738360e-06
   3.4020430e+00  -8.0536380e-06
   3.4020670e+00  -8.2282920e-06
   3.4020920e+00  -8.1143800e-06
   3.4021160e+00  -8.0998120e-06
   3.4021410e+00  -7.9857700e-06
   3.4021650e+00  -8.1438020e-06
   3.4021900e+00  -8.2357320e-06
   3.4022140e+00  -8.0223190e-06
   3.4022390e+00  -8.0052540e-06
   3.4022630e+00  -8.1678630e-06
   3.4022870e+00  -8.3327610e-06
   3.4023120e+00  -8.6164100e-06
   3.4023360e+00  -8.2529270e-06
   3.4023610e+00  -8.0589460e-06
   3.4023850e+00  -7.9740130e-06
   3.4024100e+00  -8.2599240e-06
   3.4024340e+00  -8.2842470e-06
   3.4024580e+00  -8.1120390e-06
   3.4024830e+00  -8.3013120e-06
   3.4025070e+00  -8.2648930e-06
   3.4025320e+00  -8.3084390e-06
   3.4025560e+00  -8.2527970e-06
   3.4025810e+00  -8.3184550e-06
   3.4026050e+00  -8.1923950e-06
   3.4026300e+00  -8.5800430e-06
   3.4026540e+00  -8.2166390e-06
   3.4026780e+00  -8.4299210e-06
   3.4027030e+00  -8.1972330e-06
   3.4027270e+00  -8.3134080e-06
   3.4027520e+00  -7.7438480e-06
   3.4027760e+00  -8.1436190e-06
   3.4028010e+00  -7.8721970e-06
   3.4028250e+00  -7.8937870e-06
   3.4028490e+00  -7.8089840e-06
   3.4028740e+00  -7.5423490e-06
   3.4028980e+00  -8.0536380e-06
   3.4029230e+00  -7.7001190e-06
   3.4029470e+00  -8.1073310e-06
   3.4029720e+00  -7.7968880e-06
   3.4029960e+00  -8.2162480e-06
   3.4030210e+00  -8.1484570e-06
   3.4030450e+00  -8.4589000e-06
   3.4030690e+00  -8.1752510e-06
   3.4030940e+00  -8.0662560e-06
   3.4031180e+00  -8.3254520e-06
   3.4031430e+00  -8.1920030e-06
   3.4031670e+00  -7.7849230e-06
   3.4031920e+00  -8.4879310e-06
   3.4032160e+00  -8.4902710e-06
   3.4032400e+00  -8.0590770e-06
   3.4032650e+00  -8.4029970e-06
   3.4032890e+00  -8.1268670e-06
   3.4033140e+00  -8.2042820e-06
   3.4033380e+00  -8.4468560e-06
   3.4033630e+00  -8.0348060e-06
   3.4033870e+00  -8.4345770e-06
   3.4034120e+00  -8.2237660e-06
   3.4034360e+00  -8.1969720e-06
   3.4034600e+00  -7.7871330e-06
   3.4034850e+00  -8.0344930e-06
   3.4035090e+00  -7.8573690e-06
   3.4035340e+00  -8.0537690e-06
   3.4035580e+00  -8.0224490e-06
   3.4035830e+00  -8.2768060e-06
   3.4036070e+00  -8.0758810e-06
   3.4036310e+00  -7.9447740e-06
   3.4036560e+00  -7.7847920e-06
   3.4036800e+00  -8.0416730e-06
   3.4037050e+00  -8.2842470e-06
   3.4037290e+00  -8.4904020e-06
   3.4037540e+00  -8.3909010e-06
   3.4037780e+00  -8.0225280e-06
   3.4038030e+00  -8.2648930e-06
   3.4038270e+00  -7.8528430e-06
   3.4038510e+00  -8.1752510e-06
   3.4038760e+00  -8.3134080e-06
   3.4039000e+00  -8.7375010e-06
   3.4039250e+00  -8.5193800e-06
   3.4039490e+00  -8.2527970e-06
   3.4039740e+00  -8.2163260e-06
   3.4039980e+00  -8.5000270e-06
   3.4040220e+00  -8.2479580e-06
   3.4040470e+00  -8.3448580e-06
   3.4040710e+00  -8.3009990e-06
   3.4040960e+00  -8.2283440e-06
   3.4041200e+00  -8.2358620e-06
   3.4041450e+00  -8.2118010e-06
   3.4041690e+00  -7.8723270e-06
   3.4041940e+00  -7.9788510e-06
   3.4042180e+00  -7.7798230e-06
   3.4042420e+00  -7.8648870e-06
   3.4042670e+00  -7.8089840e-06
   3.4042910e+00  -8.0830080e-06
   3.4043160e+00  -7.9132720e-06
   3.4043400e+00  -8.2114090e-06
   3.4043650e+00  -8.3569540e-06
   3.4043890e+00  -8.5313980e-06
   3.4044130e+00  -7.9255500e-06
   3.4044380e+00  -8.3690500e-06
   3.4044620e+00  -8.2574530e-06
   3.4044870e+00  -7.8454030e-06
   3.4045110e+00  -8.0707820e-06
   3.4045360e+00  -8.1264760e-06
   3.4045600e+00  -8.0587380e-06
   3.4045850e+00  -8.6477820e-06
   3.4046090e+00  -8.3499050e-06
   3.4046330e+00  -8.5679470e-06
   3.4046580e+00  -8.5921400e-06
   3.4046820e+00  -8.3569540e-06
   3.4047070e+00  -8.3132770e-06
   3.4047310e+00  -8.0223190e-06
   3.4047560e+00  -8.0708340e-06
   3.4047800e+00  -8.3737580e-06
   3.4048040e+00  -8.2403880e-06
   3.4048290e+00  -8.1969720e-06
   3.4048530e+00  -8.0297070e-06
   3.4048780e+00  -7.9495600e-06
   3.4049020e+00  -7.9423020e-06
   3.4049270e+00  -8.2404400e-06
   3.4049510e+00  -7.9326770e-06
   3.4049760e+00  -8.3009990e-06
   3.4050000e+00  -8.2163780e-06
