   3.3800000e+00  -8.0938685e-06
   3.3800240e+00  -8.1871260e-06
   3.3800490e+00  -8.0527420e-06
   3.3800730e+00  -8.0998708e-06
   3.3800980e+00  -8.1490490e-06
   3.3801220e+00  -8.0908575e-06
   3.3801470e+00  -8.2899948e-06
   3.3801710e+00  -8.1919510e-06
   3.3801960e+00  -8.1403732e-06
   3.3802200e+00  -8.2441535e-06
   3.3802440e+00  -8.3314150e-06
   3.3802690e+00  -8.3023450e-06
   3.3802930e+00  -8.3005372e-06
   3.3803180e+00  -8.1659770e-06
   3.3803420e+00  -7.9447147e-06
   3.3803670e+00  -8.2889613e-06
   3.3803910e+00  -8.2284025e-06
   3.3804150e+00  -8.4296020e-06
   3.3804400e+00  -8.3078730e-06
   3.3804640e+00  -8.1549928e-06
   3.3804890e+00  -8.1167990e-06
   3.3805130e+00  -7.9872010e-06
   3.3805380e+00  -8.1210845e-06
   3.3805620e+00  -8.1131898e-06
   3.3805870e+00  -8.3083803e-06
   3.3806110e+00  -8.1938570e-06
   3.3806350e+00  -8.2271863e-06
   3.3806600e+00  -8.2156362e-06
   3.3806840e+00  -8.3896650e-06
   3.3807090e+00  -8.2707845e-06
   3.3807330e+00  -8.1852462e-06
   3.3807580e+00  -8.2139003e-06
   3.3807820e+00  -8.1435018e-06
   3.3808060e+00  -8.1682920e-06
   3.3808310e+00  -8.3422165e-06
   3.3808550e+00  -8.2701207e-06
   3.3808800e+00  -8.2282853e-06
   3.3809040e+00  -8.2634745e-06
   3.3809290e+00  -8.2265033e-06
   3.3809530e+00  -8.1840495e-06
   3.3809780e+00  -8.2071822e-06
   3.3810020e+00  -8.1204540e-06
   3.3810260e+00  -8.0877878e-06
   3.3810510e+00  -8.2453107e-06
   3.3810750e+00  -8.3434263e-06
   3.3811000e+00  -8.2913672e-06
   3.3811240e+00  -8.3077755e-06
   3.3811490e+00  -8.3701222e-06
   3.3811730e+00  -8.2380272e-06
   3.3811970e+00  -8.1216375e-06
   3.3812220e+00  -7.8942810e-06
   3.3812460e+00  -8.0495090e-06
   3.3812710e+00  -8.0475515e-06
   3.3812950e+00  -8.2742372e-06
   3.3813200e+00  -8.2349250e-06
   3.3813440e+00  -8.2416037e-06
   3.3813690e+00  -8.2392695e-06
   3.3813930e+00  -8.1980252e-06
   3.3814170e+00  -8.3101620e-06
   3.3814420e+00  -8.4671060e-06
   3.3814660e+00  -8.4871823e-06
   3.3814910e+00  -8.4816345e-06
   3.3815150e+00  -8.1894668e-06
   3.3815400e+00  -7.9676648e-06
   3.3815640e+00  -8.1501805e-06
   3.3815880e+00  -8.1949685e-06
   3.3816130e+00  -8.2779315e-06
   3.3816370e+00  -8.2858398e-06
   3.3816620e+00  -8.8639788e-06
   3.3816860e+00  -8.4649415e-06
   3.3817110e+00  -8.5332520e-06
   3.3817350e+00  -8.2385668e-06
   3.3817600e+00  -8.2828347e-06
   3.3817840e+00  -8.1411082e-06
   3.3818080e+00  -8.1743400e-06
   3.3818330e+00  -8.4029383e-06
   3.3818570e+00  -8.3058958e-06
   3.3818820e+00  -8.1811302e-06
   3.3819060e+00  -7.9689723e-06
   3.3819310e+00  -8.0191907e-06
   3.3819550e+00  -8.1483530e-06
   3.3819790e+00  -8.1950532e-06
   3.3820040e+00  -8.3009595e-06
   3.3820280e+00  -8.1664320e-06
   3.3820530e+00  -8.0282432e-06
   3.3820770e+00  -7.9779465e-06
   3.3821020e+00  -8.1755170e-06
   3.3821260e+00  -8.0967948e-06
   3.3821510e+00  -8.2871470e-06
   3.3821750e+00  -8.2980335e-06
   3.3821990e+00  -8.2749725e-06
   3.3822240e+00  -8.2337480e-06
   3.3822480e+00  -8.2696860e-06
   3.3822730e+00  -8.2920635e-06
   3.3822970e+00  -8.2240190e-06
   3.3823220e+00  -8.1664973e-06
   3.3823460e+00  -8.2786600e-06
   3.3823700e+00  -8.4054617e-06
   3.3823950e+00  -8.3598735e-06
   3.3824190e+00  -8.4829355e-06
   3.3824440e+00  -8.1985783e-06
   3.3824680e+00  -8.0695652e-06
   3.3824930e+00  -8.2992625e-06
   3.3825170e+00  -8.1125587e-06
   3.3825420e+00  -8.0810113e-06
   3.3825660e+00  -8.2779640e-06
   3.3825900e+00  -8.2295597e-06
   3.3826150e+00  -8.4162505e-06
   3.3826390e+00  -8.2174835e-06
   3.3826640e+00  -8.0205308e-06
   3.3826880e+00  -8.1405232e-06
   3.3827130e+00  -8.2356275e-06
   3.3827370e+00  -8.1429425e-06
   3.3827610e+00  -8.0604412e-06
   3.3827860e+00  -8.0944278e-06
   3.3828100e+00  -8.1447892e-06
   3.3828350e+00  -8.0647595e-06
   3.3828590e+00  -8.1645982e-06
   3.3828840e+00  -8.2331887e-06
   3.3829080e+00  -8.3028915e-06
   3.3829330e+00  -8.3567450e-06
   3.3829570e+00  -8.4151190e-06
   3.3829810e+00  -8.2424695e-06
   3.3830060e+00  -8.1787370e-06
   3.3830300e+00  -8.1574383e-06
   3.3830550e+00  -8.2985925e-06
   3.3830790e+00  -8.0489238e-06
   3.3831040e+00  -8.1344753e-06
   3.3831280e+00  -8.1374012e-06
   3.3831520e+00  -8.0525462e-06
   3.3831770e+00  -8.0193015e-06
   3.3832010e+00  -8.0969447e-06
   3.3832260e+00  -8.1611845e-06
   3.3832500e+00  -8.0072705e-06
   3.3832750e+00  -8.0253625e-06
   3.3832990e+00  -8.2338652e-06
   3.3833240e+00  -8.2084570e-06
   3.3833480e+00  -8.0854272e-06
   3.3833720e+00  -7.9126800e-06
   3.3833970e+00  -8.0884318e-06
   3.3834210e+00  -8.3029497e-06
   3.3834460e+00  -8.2418060e-06
   3.3834700e+00  -8.3629950e-06
   3.3834950e+00  -8.3030347e-06
   3.3835190e+00  -8.3872655e-06
   3.3835430e+00  -8.5467860e-06
   3.3835680e+00  -8.3170495e-06
   3.3835920e+00  -8.2236945e-06
   3.3836170e+00  -8.1859815e-06
   3.3836410e+00  -8.2526208e-06
   3.3836660e+00  -8.2562232e-06
   3.3836900e+00  -8.0144438e-06
   3.3837150e+00  -8.2404270e-06
   3.3837390e+00  -8.6367907e-06
   3.3837630e+00  -8.2162997e-06
   3.3837880e+00  -8.2532388e-06
   3.3838120e+00  -8.2180492e-06
   3.3838370e+00  -7.9787470e-06
   3.3838610e+00  -8.0798992e-06
   3.3838860e+00  -7.7981243e-06
   3.3839100e+00  -7.9022807e-06
   3.3839350e+00  -8.2028965e-06
   3.3839590e+00  -8.1568010e-06
   3.3839830e+00  -8.1193355e-06
   3.3840080e+00  -8.3149677e-06
   3.3840320e+00  -8.3149545e-06
   3.3840570e+00  -8.0865132e-06
   3.3840810e+00  -8.1222682e-06
   3.3841060e+00  -8.1513900e-06
   3.3841300e+00  -8.1908652e-06
   3.3841540e+00  -8.1090862e-06
   3.3841790e+00  -8.2659330e-06
   3.3842030e+00  -8.3593140e-06
   3.3842280e+00  -8.3849248e-06
   3.3842520e+00  -8.3150982e-06
   3.3842770e+00  -8.2278630e-06
   3.3843010e+00  -8.4132592e-06
   3.3843260e+00  -8.3810548e-06
   3.3843500e+00  -8.2255088e-06
   3.3843740e+00  -8.4362350e-06
   3.3843990e+00  -8.3877987e-06
   3.3844230e+00  -8.0981347e-06
   3.3844480e+00  -8.2011340e-06
   3.3844720e+00  -8.2240647e-06
   3.3844970e+00  -8.2859827e-06
   3.3845210e+00  -8.4193202e-06
   3.3845450e+00  -8.3629300e-06
   3.3845700e+00  -8.0745405e-06
   3.3845940e+00  -8.1611715e-06
   3.3846190e+00  -8.0762702e-06
   3.3846430e+00  -7.8932023e-06
   3.3846680e+00  -8.0654427e-06
   3.3846920e+00  -8.2380405e-06
   3.3847170e+00  -8.2616277e-06
   3.3847410e+00  -8.2181467e-06
   3.3847650e+00  -8.1278417e-06
   3.3847900e+00  -8.1266517e-06
   3.3848140e+00  -8.0951627e-06
   3.3848390e+00  -8.1847718e-06
   3.3848630e+00  -7.9800415e-06
   3.3848880e+00  -8.1406210e-06
   3.3849120e+00  -8.1582647e-06
   3.3849360e+00  -8.1950993e-06
   3.3849610e+00  -8.1412715e-06
   3.3849850e+00  -8.2387495e-06
   3.3850100e+00  -8.1192898e-06
   3.3850340e+00  -8.1848630e-06
   3.3850590e+00  -8.2277913e-06
   3.3850830e+00  -8.2266337e-06
   3.3851080e+00  -8.2095950e-06
   3.3851320e+00  -8.0902592e-06
   3.3851560e+00  -8.2769305e-06
   3.3851810e+00  -8.1126958e-06
   3.3852050e+00  -8.2817165e-06
   3.3852300e+00  -8.1562025e-06
   3.3852540e+00  -8.2429505e-06
   3.3852790e+00  -8.3253605e-06
   3.3853030e+00  -8.1454072e-06
   3.3853270e+00  -8.2017520e-06
   3.3853520e+00  -8.0950323e-06
   3.3853760e+00  -8.0145413e-06
   3.3854010e+00  -8.0883665e-06
   3.3854250e+00  -8.1539468e-06
   3.3854500e+00  -8.4254010e-06
   3.3854740e+00  -8.3697263e-06
   3.3854990e+00  -8.2721767e-06
   3.3855230e+00  -8.2575572e-06
   3.3855470e+00  -8.0472398e-06
   3.3855720e+00  -8.1018680e-06
   3.3855960e+00  -8.0370822e-06
   3.3856210e+00  -8.0188268e-06
   3.3856450e+00  -8.2726772e-06
   3.3856700e+00  -8.1157653e-06
   3.3856940e+00  -8.3308885e-06
   3.3857180e+00  -8.2703103e-06
   3.3857430e+00  -8.2988922e-06
   3.3857670e+00  -8.3535010e-06
   3.3857920e+00  -8.3055193e-06
   3.3858160e+00  -8.1588630e-06
   3.3858410e+00  -8.0599865e-06
   3.3858650e+00  -8.0515973e-06
   3.3858900e+00  -8.1267300e-06
   3.3859140e+00  -8.1363353e-06
   3.3859380e+00  -8.3545538e-06
   3.3859630e+00  -8.3031000e-06
   3.3859870e+00  -8.1776773e-06
   3.3860120e+00  -8.1236210e-06
   3.3860360e+00  -8.1406535e-06
   3.3860610e+00  -8.0358465e-06
   3.3860850e+00  -8.1425463e-06
   3.3861090e+00  -8.2702970e-06
   3.3861340e+00  -8.0691890e-06
   3.3861580e+00  -8.0606695e-06
   3.3861830e+00  -8.2212230e-06
   3.3862070e+00  -8.1861115e-06
   3.3862320e+00  -8.3406305e-06
   3.3862560e+00  -8.0711010e-06
   3.3862810e+00  -8.0352153e-06
   3.3863050e+00  -8.0431628e-06
   3.3863290e+00  -8.2340740e-06
   3.3863540e+00  -8.1359003e-06
   3.3863780e+00  -8.3314932e-06
   3.3864030e+00  -8.1648915e-06
   3.3864270e+00  -8.1485358e-06
   3.3864520e+00  -8.2237335e-06
   3.3864760e+00  -8.3188117e-06
   3.3865000e+00  -8.2055505e-06
   3.3865250e+00  -8.2666485e-06
   3.3865490e+00  -8.4151452e-06
   3.3865740e+00  -8.3709358e-06
   3.3865980e+00  -8.1449527e-06
   3.3866230e+00  -7.9437467e-06
   3.3866470e+00  -8.0254605e-06
   3.3866720e+00  -8.1024727e-06
   3.3866960e+00  -8.2217822e-06
   3.3867200e+00  -8.2345483e-06
   3.3867450e+00  -8.1242913e-06
   3.3867690e+00  -8.1224770e-06
   3.3867940e+00  -8.2619210e-06
   3.3868180e+00  -8.2740498e-06
   3.3868430e+00  -8.0939730e-06
   3.3868670e+00  -8.0575478e-06
   3.3868910e+00  -7.9441688e-06
   3.3869160e+00  -8.1358023e-06
   3.3869400e+00  -8.0564942e-06
   3.3869650e+00  -8.0787813e-06
   3.3869890e+00  -7.9618127e-06
   3.3870140e+00  -8.1854613e-06
   3.3870380e+00  -8.2043213e-06
   3.3870630e+00  -8.2109610e-06
   3.3870870e+00  -8.1006582e-06
   3.3871110e+00  -8.2637420e-06
   3.3871360e+00  -8.0940313e-06
   3.3871600e+00  -7.9213097e-06
   3.3871850e+00  -8.0600515e-06
   3.3872090e+00  -8.0970555e-06
   3.3872340e+00  -8.2830760e-06
   3.3872580e+00  -8.1043133e-06
   3.3872830e+00  -8.1443477e-06
   3.3873070e+00  -8.3152612e-06
   3.3873310e+00  -8.1619390e-06
   3.3873560e+00  -8.4237495e-06
   3.3873800e+00  -8.2753180e-06
   3.3874050e+00  -8.0238023e-06
   3.3874290e+00  -8.1274457e-06
   3.3874540e+00  -8.0407500e-06
   3.3874780e+00  -7.8815233e-06
   3.3875020e+00  -8.2183428e-06
   3.3875270e+00  -8.2789730e-06
   3.3875510e+00  -8.1705238e-06
   3.3875760e+00  -8.0340450e-06
   3.3876000e+00  -8.1103482e-06
   3.3876250e+00  -7.9873770e-06
   3.3876490e+00  -8.1177035e-06
   3.3876740e+00  -8.1480612e-06
   3.3876980e+00  -8.2159623e-06
   3.3877220e+00  -8.2268617e-06
   3.3877470e+00  -8.2346397e-06
   3.3877710e+00  -8.0383045e-06
   3.3877960e+00  -8.1001252e-06
   3.3878200e+00  -8.1019067e-06
   3.3878450e+00  -8.1813190e-06
   3.3878690e+00  -8.1527955e-06
   3.3878930e+00  -8.2238705e-06
   3.3879180e+00  -7.9370675e-06
   3.3879420e+00  -8.0243290e-06
   3.3879670e+00  -8.0947080e-06
   3.3879910e+00  -8.1680327e-06
   3.3880160e+00  -8.2220433e-06
   3.3880400e+00  -8.0002085e-06
   3.3880650e+00  -8.2674035e-06
   3.3880890e+00  -8.1782690e-06
   3.3881130e+00  -8.1272830e-06
   3.3881380e+00  -8.1583102e-06
   3.3881620e+00  -8.0548040e-06
   3.3881870e+00  -8.0631408e-06
   3.3882110e+00  -7.9771150e-06
   3.3882360e+00  -8.1379038e-06
   3.3882600e+00  -8.2590600e-06
   3.3882840e+00  -8.2469510e-06
   3.3883090e+00  -8.0881660e-06
   3.3883330e+00  -8.1778078e-06
   3.3883580e+00  -8.1439385e-06
   3.3883820e+00  -8.1638970e-06
   3.3884070e+00  -8.2318765e-06
   3.3884310e+00  -8.1258140e-06
   3.3884560e+00  -8.1718183e-06
   3.3884800e+00  -8.0348127e-06
   3.3885040e+00  -8.0196798e-06
   3.3885290e+00  -8.0088260e-06
   3.3885530e+00  -7.9639462e-06
   3.3885780e+00  -8.1621152e-06
   3.3886020e+00  -8.2130622e-06
   3.3886270e+00  -8.1677150e-06
   3.3886510e+00  -8.0446135e-06
   3.3886750e+00  -8.0482033e-06
   3.3887000e+00  -7.9391885e-06
   3.3887240e+00  -7.8966955e-06
   3.3887490e+00  -8.0433258e-06
   3.3887730e+00  -8.1978443e-06
   3.3887980e+00  -8.0311840e-06
   3.3888220e+00  -8.0560395e-06
   3.3888470e+00  -8.1584405e-06
   3.3888710e+00  -7.9549590e-06
   3.3888950e+00  -7.8507698e-06
   3.3889200e+00  -7.9683170e-06
   3.3889440e+00  -8.1029552e-06
   3.3889690e+00  -8.0350148e-06
   3.3889930e+00  -7.8628465e-06
   3.3890180e+00  -8.1459485e-06
   3.3890420e+00  -8.0690795e-06
   3.3890660e+00  -7.9472140e-06
   3.3890910e+00  -7.9363273e-06
   3.3891150e+00  -8.0392942e-06
   3.3891400e+00  -7.9575283e-06
   3.3891640e+00  -7.8659485e-06
   3.3891890e+00  -7.7283447e-06
   3.3892130e+00  -7.8485528e-06
   3.3892380e+00  -7.9146785e-06
   3.3892620e+00  -8.0406472e-06
   3.3892860e+00  -8.0897865e-06
   3.3893110e+00  -8.0351518e-06
   3.3893350e+00  -8.0594940e-06
   3.3893600e+00  -7.9620095e-06
   3.3893840e+00  -7.8456260e-06
   3.3894090e+00  -7.8777135e-06
   3.3894330e+00  -8.0299040e-06
   3.3894570e+00  -8.0807403e-06
   3.3894820e+00  -8.0413958e-06
   3.3895060e+00  -7.9097487e-06
   3.3895310e+00  -7.8813555e-06
   3.3895550e+00  -7.8849843e-06
   3.3895800e+00  -7.9989807e-06
   3.3896040e+00  -8.0232710e-06
   3.3896290e+00  -7.7863033e-06
   3.3896530e+00  -7.7959278e-06
   3.3896770e+00  -7.5547722e-06
   3.3897020e+00  -7.7582995e-06
   3.3897260e+00  -7.9244270e-06
   3.3897510e+00  -7.8839505e-06
   3.3897750e+00  -7.8913910e-06
   3.3898000e+00  -7.8888415e-06
   3.3898240e+00  -7.8543350e-06
   3.3898480e+00  -7.6701025e-06
   3.3898730e+00  -7.6641522e-06
   3.3898970e+00  -7.7749617e-06
   3.3899220e+00  -7.7713200e-06
   3.3899460e+00  -7.7646933e-06
   3.3899710e+00  -7.9344297e-06
   3.3899950e+00  -7.5817685e-06
   3.3900200e+00  -7.6066240e-06
   3.3900440e+00  -7.7478240e-06
   3.3900680e+00  -7.5617380e-06
   3.3900930e+00  -7.5508385e-06
   3.3901170e+00  -7.6745447e-06
   3.3901420e+00  -7.6370990e-06
   3.3901660e+00  -7.6135053e-06
   3.3901910e+00  -7.5620837e-06
   3.3902150e+00  -7.4499145e-06
   3.3902390e+00  -7.4826912e-06
   3.3902640e+00  -7.5566470e-06
   3.3902880e+00  -7.6645435e-06
   3.3903130e+00  -7.5227712e-06
   3.3903370e+00  -7.5180113e-06
   3.3903620e+00  -7.6227728e-06
   3.3903860e+00  -7.5574735e-06
   3.3904110e+00  -7.3812015e-06
   3.3904350e+00  -7.3769027e-06
   3.3904590e+00  -7.2114650e-06
   3.3904840e+00  -7.1642185e-06
   3.3905080e+00  -7.1182405e-06
   3.3905330e+00  -7.1796907e-06
   3.3905570e+00  -7.2105160e-06
   3.3905820e+00  -6.9983910e-06
   3.3906060e+00  -7.1632633e-06
   3.3906300e+00  -6.9810148e-06
   3.3906550e+00  -7.0287943e-06
   3.3906790e+00  -7.0228833e-06
   3.3907040e+00  -6.8477622e-06
   3.3907280e+00  -6.7126950e-06
   3.3907530e+00  -6.6104505e-06
   3.3907770e+00  -6.7611578e-06
   3.3908020e+00  -6.8656145e-06
   3.3908260e+00  -6.7219627e-06
   3.3908500e+00  -6.6899080e-06
   3.3908750e+00  -6.4377550e-06
   3.3908990e+00  -6.4596913e-06
   3.3909240e+00  -6.6015215e-06
   3.3909480e+00  -6.3694253e-06
   3.3909730e+00  -6.2280885e-06
   3.3909970e+00  -6.0172707e-06
   3.3910220e+00  -6.0463013e-06
   3.3910460e+00  -5.9718125e-06
   3.3910700e+00  -5.8032335e-06
   3.3910950e+00  -5.8675058e-06
   3.3911190e+00  -6.0382760e-06
   3.3911440e+00  -5.9559115e-06
   3.3911680e+00  -5.7084862e-06
   3.3911930e+00  -5.8192370e-06
   3.3912170e+00  -5.8009755e-06
   3.3912410e+00  -5.9565408e-06
   3.3912660e+00  -6.0848118e-06
   3.3912900e+00  -5.8519538e-06
   3.3913150e+00  -5.9098520e-06
   3.3913390e+00  -6.2060120e-06
   3.3913640e+00  -6.2275443e-06
   3.3913880e+00  -6.5903435e-06
   3.3914130e+00  -6.4907775e-06
   3.3914370e+00  -6.5930545e-06
   3.3914610e+00  -6.4976960e-06
   3.3914860e+00  -6.5883125e-06
   3.3915100e+00  -6.7056837e-06
   3.3915350e+00  -6.8315285e-06
   3.3915590e+00  -7.0415135e-06
   3.3915840e+00  -7.1559648e-06
   3.3916080e+00  -7.3831188e-06
   3.3916320e+00  -7.1618303e-06
   3.3916570e+00  -7.3696305e-06
   3.3916810e+00  -7.4642537e-06
   3.3917060e+00  -7.4805903e-06
   3.3917300e+00  -7.5327730e-06
   3.3917550e+00  -7.8878012e-06
   3.3917790e+00  -7.7958057e-06
   3.3918040e+00  -7.7153473e-06
   3.3918280e+00  -7.8280495e-06
   3.3918520e+00  -7.7656243e-06
   3.3918770e+00  -7.7925550e-06
   3.3919010e+00  -7.9326042e-06
   3.3919260e+00  -7.7647343e-06
   3.3919500e+00  -7.6751840e-06
   3.3919750e+00  -7.7090857e-06
   3.3919990e+00  -7.7109850e-06
   3.3920230e+00  -7.6086880e-06
   3.3920480e+00  -7.5553938e-06
   3.3920720e+00  -7.3888830e-06
   3.3920970e+00  -7.5778823e-06
   3.3921210e+00  -7.5071332e-06
   3.3921460e+00  -7.3628635e-06
   3.3921700e+00  -7.3259833e-06
   3.3921950e+00  -7.4302902e-06
   3.3922190e+00  -7.5204712e-06
   3.3922430e+00  -7.1738252e-06
   3.3922680e+00  -7.2429362e-06
   3.3922920e+00  -7.2847132e-06
   3.3923170e+00  -7.3622718e-06
   3.3923410e+00  -7.0508872e-06
   3.3923660e+00  -7.0694795e-06
   3.3923900e+00  -7.1537367e-06
   3.3924140e+00  -7.2094760e-06
   3.3924390e+00  -7.3947877e-06
   3.3924630e+00  -7.3855983e-06
   3.3924880e+00  -7.2473508e-06
   3.3925120e+00  -7.3509745e-06
   3.3925370e+00  -7.3320688e-06
   3.3925610e+00  -7.4931100e-06
   3.3925860e+00  -7.5796755e-06
   3.3926100e+00  -7.5515480e-06
   3.3926340e+00  -7.7548095e-06
   3.3926590e+00  -7.5611662e-06
   3.3926830e+00  -7.7045960e-06
   3.3927080e+00  -7.6177962e-06
   3.3927320e+00  -7.7874217e-06
   3.3927570e+00  -7.6679818e-06
   3.3927810e+00  -7.7529283e-06
   3.3928050e+00  -7.7929173e-06
   3.3928300e+00  -7.8837618e-06
   3.3928540e+00  -8.0127350e-06
   3.3928790e+00  -8.0134053e-06
   3.3929030e+00  -7.9946237e-06
   3.3929280e+00  -7.9630432e-06
   3.3929520e+00  -7.8177402e-06
   3.3929770e+00  -7.9564555e-06
   3.3930010e+00  -8.0813260e-06
   3.3930250e+00  -8.0571465e-06
   3.3930500e+00  -8.1069038e-06
   3.3930740e+00  -8.0996785e-06
   3.3930990e+00  -8.0517883e-06
   3.3931230e+00  -7.9997035e-06
   3.3931480e+00  -7.8536455e-06
   3.3931720e+00  -7.9579133e-06
   3.3931960e+00  -8.0021943e-06
   3.3932210e+00  -8.2331333e-06
   3.3932450e+00  -8.2040638e-06
   3.3932700e+00  -8.2567208e-06
   3.3932940e+00  -8.1003815e-06
   3.3933190e+00  -7.9433457e-06
   3.3933430e+00  -8.0330717e-06
   3.3933680e+00  -8.0783670e-06
   3.3933920e+00  -7.8449955e-06
   3.3934160e+00  -8.0268087e-06
   3.3934410e+00  -8.0327915e-06
   3.3934650e+00  -7.9666720e-06
   3.3934900e+00  -8.0327393e-06
   3.3935140e+00  -8.1017262e-06
   3.3935390e+00  -8.2543325e-06
   3.3935630e+00  -7.9742478e-06
   3.3935870e+00  -8.0237960e-06
   3.3936120e+00  -7.9759187e-06
   3.3936360e+00  -8.0127530e-06
   3.3936610e+00  -8.2015828e-06
   3.3936850e+00  -8.1766812e-06
   3.3937100e+00  -8.4983413e-06
   3.3937340e+00  -8.5528452e-06
   3.3937590e+00  -8.7083065e-06
   3.3937830e+00  -8.6846535e-06
   3.3938070e+00  -8.7680970e-06
   3.3938320e+00  -8.5147343e-06
   3.3938560e+00  -8.7739497e-06
   3.3938810e+00  -8.9138290e-06
   3.3939050e+00  -9.1590880e-06
   3.3939300e+00  -9.2201863e-06
   3.3939540e+00  -9.4473268e-06
   3.3939780e+00  -9.4636763e-06
   3.3940030e+00  -9.3940588e-06
   3.3940270e+00  -9.7133780e-06
   3.3940520e+00  -9.7398455e-06
   3.3940760e+00  -9.7283997e-06
   3.3941010e+00  -9.8998325e-06
   3.3941250e+00  -1.0021127e-05
   3.3941500e+00  -9.9322333e-06
   3.3941740e+00  -1.0077615e-05
   3.3941980e+00  -1.0258795e-05
   3.3942230e+00  -1.0428515e-05
   3.3942470e+00  -1.0360743e-05
   3.3942720e+00  -1.0414960e-05
   3.3942960e+00  -1.0204158e-05
   3.3943210e+00  -1.0204885e-05
   3.3943450e+00  -1.0366245e-05
   3.3943700e+00  -1.0242165e-05
   3.3943940e+00  -1.0275028e-05
   3.3944180e+00  -1.0212939e-05
   3.3944430e+00  -1.0021119e-05
   3.3944670e+00  -9.9836217e-06
   3.3944920e+00  -9.7686740e-06
   3.3945160e+00  -9.7748325e-06
   3.3945410e+00  -9.7289665e-06
   3.3945650e+00  -9.8388588e-06
   3.3945890e+00  -9.5862772e-06
   3.3946140e+00  -9.4833298e-06
   3.3946380e+00  -9.5222525e-06
   3.3946630e+00  -9.4417222e-06
   3.3946870e+00  -9.2969067e-06
   3.3947120e+00  -9.2423895e-06
   3.3947360e+00  -9.2844405e-06
   3.3947610e+00  -9.2178598e-06
   3.3947850e+00  -9.0365470e-06
   3.3948090e+00  -9.0452295e-06
   3.3948340e+00  -8.9487852e-06
   3.3948580e+00  -9.0077445e-06
   3.3948830e+00  -9.1532890e-06
   3.3949070e+00  -8.9561277e-06
   3.3949320e+00  -8.7599685e-06
   3.3949560e+00  -8.9446625e-06
   3.3949800e+00  -8.8993017e-06
   3.3950050e+00  -8.8914723e-06
   3.3950290e+00  -8.6551747e-06
   3.3950540e+00  -8.8477307e-06
   3.3950780e+00  -8.5793198e-06
   3.3951030e+00  -8.6599020e-06
   3.3951270e+00  -8.5442410e-06
   3.3951520e+00  -8.5484550e-06
   3.3951760e+00  -8.5259470e-06
   3.3952000e+00  -8.6277495e-06
   3.3952250e+00  -8.4756697e-06
   3.3952490e+00  -8.3428590e-06
   3.3952740e+00  -8.3932210e-06
   3.3952980e+00  -8.5962023e-06
   3.3953230e+00  -8.5888663e-06
   3.3953470e+00  -8.4435042e-06
   3.3953710e+00  -8.7160903e-06
   3.3953960e+00  -8.4519650e-06
   3.3954200e+00  -8.4942557e-06
   3.3954450e+00  -8.5324825e-06
   3.3954690e+00  -8.6482805e-06
   3.3954940e+00  -8.7003915e-06
   3.3955180e+00  -8.6482412e-06
   3.3955430e+00  -8.6798153e-06
   3.3955670e+00  -8.6397283e-06
   3.3955910e+00  -8.6464725e-06
   3.3956160e+00  -8.5566618e-06
   3.3956400e+00  -8.7862930e-06
   3.3956650e+00  -8.6438708e-06
   3.3956890e+00  -8.5535528e-06
   3.3957140e+00  -8.6455875e-06
   3.3957380e+00  -8.6515310e-06
   3.3957620e+00  -8.6501910e-06
   3.3957870e+00  -8.6757100e-06
   3.3958110e+00  -8.7295118e-06
   3.3958360e+00  -8.7786575e-06
   3.3958600e+00  -8.8380393e-06
   3.3958850e+00  -8.7997930e-06
   3.3959090e+00  -8.8786263e-06
   3.3959340e+00  -8.8635128e-06
   3.3959580e+00  -8.8912945e-06
   3.3959820e+00  -9.0281955e-06
   3.3960070e+00  -8.9621285e-06
   3.3960310e+00  -8.9706283e-06
   3.3960560e+00  -9.1287235e-06
   3.3960800e+00  -9.1421467e-06
   3.3961050e+00  -9.2589977e-06
   3.3961290e+00  -9.0604130e-06
   3.3961530e+00  -8.9923947e-06
   3.3961780e+00  -9.2797963e-06
   3.3962020e+00  -9.2512660e-06
   3.3962270e+00  -9.1839563e-06
   3.3962510e+00  -8.9828223e-06
   3.3962760e+00  -9.0415863e-06
   3.3963000e+00  -8.9363107e-06
   3.3963250e+00  -9.2121817e-06
   3.3963490e+00  -9.2789255e-06
   3.3963730e+00  -9.2552990e-06
   3.3963980e+00  -8.9450260e-06
   3.3964220e+00  -8.9578573e-06
   3.3964470e+00  -8.8294040e-06
   3.3964710e+00  -8.9032618e-06
   3.3964960e+00  -8.9657198e-06
   3.3965200e+00  -8.9931315e-06
   3.3965440e+00  -9.1561175e-06
   3.3965690e+00  -8.7108362e-06
   3.3965930e+00  -8.6284458e-06
   3.3966180e+00  -8.9309147e-06
   3.3966420e+00  -8.8917198e-06
   3.3966670e+00  -9.0220333e-06
   3.3966910e+00  -8.9256672e-06
   3.3967160e+00  -8.7474830e-06
   3.3967400e+00  -8.6299813e-06
   3.3967640e+00  -8.6439572e-06
   3.3967890e+00  -8.7596965e-06
   3.3968130e+00  -8.5844320e-06
   3.3968380e+00  -8.5657808e-06
   3.3968620e+00  -8.4828115e-06
   3.3968870e+00  -8.4203343e-06
   3.3969110e+00  -8.5148272e-06
   3.3969350e+00  -8.4796705e-06
   3.3969600e+00  -8.5887957e-06
   3.3969840e+00  -8.4847045e-06
   3.3970090e+00  -8.6555525e-06
   3.3970330e+00  -8.4152302e-06
   3.3970580e+00  -8.6295655e-06
   3.3970820e+00  -8.5294272e-06
   3.3971070e+00  -8.4112687e-06
   3.3971310e+00  -8.3076058e-06
   3.3971550e+00  -8.4724582e-06
   3.3971800e+00  -8.3882665e-06
   3.3972040e+00  -8.4331917e-06
   3.3972290e+00  -8.5379665e-06
   3.3972530e+00  -8.4599072e-06
   3.3972780e+00  -8.2889742e-06
   3.3973020e+00  -8.5571310e-06
   3.3973260e+00  -8.4513225e-06
   3.3973510e+00  -8.3343215e-06
   3.3973750e+00  -8.3110785e-06
   3.3974000e+00  -8.3257303e-06
   3.3974240e+00  -8.4341470e-06
   3.3974490e+00  -8.4366835e-06
   3.3974730e+00  -8.4184220e-06
   3.3974980e+00  -8.5353452e-06
   3.3975220e+00  -8.4275137e-06
   3.3975460e+00  -8.6311650e-06
   3.3975710e+00  -8.5977375e-06
   3.3975950e+00  -8.3910948e-06
   3.3976200e+00  -8.4825445e-06
   3.3976440e+00  -8.3249235e-06
   3.3976690e+00  -8.4401103e-06
   3.3976930e+00  -8.5552383e-06
   3.3977170e+00  -8.5473107e-06
   3.3977420e+00  -8.5193723e-06
   3.3977660e+00  -8.6109653e-06
   3.3977910e+00  -8.5375490e-06
   3.3978150e+00  -8.5357345e-06
   3.3978400e+00  -8.5388235e-06
   3.3978640e+00  -8.6600000e-06
   3.3978890e+00  -8.6290437e-06
   3.3979130e+00  -8.6556685e-06
   3.3979370e+00  -8.6229632e-06
   3.3979620e+00  -8.6847380e-06
   3.3979860e+00  -8.5731865e-06
   3.3980110e+00  -8.4433025e-06
   3.3980350e+00  -8.5210625e-06
   3.3980600e+00  -8.5095195e-06
   3.3980840e+00  -8.7870872e-06
   3.3981090e+00  -8.7156680e-06
   3.3981330e+00  -8.6604158e-06
   3.3981570e+00  -8.5125757e-06
   3.3981820e+00  -8.4817307e-06
   3.3982060e+00  -8.5823240e-06
   3.3982310e+00  -8.7866322e-06
   3.3982550e+00  -8.8350625e-06
   3.3982800e+00  -8.9387447e-06
   3.3983040e+00  -8.9866940e-06
   3.3983280e+00  -8.9927875e-06
   3.3983530e+00  -8.9206203e-06
   3.3983770e+00  -8.9491635e-06
   3.3984020e+00  -8.9395127e-06
   3.3984260e+00  -8.8734975e-06
   3.3984510e+00  -8.7311532e-06
   3.3984750e+00  -8.7657118e-06
   3.3985000e+00  -8.6850578e-06
   3.3985240e+00  -8.7153305e-06
   3.3985480e+00  -8.7899173e-06
   3.3985730e+00  -8.6905140e-06
   3.3985970e+00  -8.5827352e-06
   3.3986220e+00  -8.5749377e-06
   3.3986460e+00  -8.6447510e-06
   3.3986710e+00  -8.6768317e-06
   3.3986950e+00  -8.5858375e-06
   3.3987190e+00  -8.5774415e-06
   3.3987440e+00  -8.5883215e-06
   3.3987680e+00  -8.5253045e-06
   3.3987930e+00  -8.5472015e-06
   3.3988170e+00  -8.4697280e-06
   3.3988420e+00  -8.5352225e-06
   3.3988660e+00  -8.7684507e-06
   3.3988910e+00  -8.5714653e-06
   3.3989150e+00  -8.4151845e-06
   3.3989390e+00  -8.4151977e-06
   3.3989640e+00  -8.3090825e-06
   3.3989880e+00  -8.2921483e-06
   3.3990130e+00  -8.4266300e-06
   3.3990370e+00  -8.2794540e-06
   3.3990620e+00  -8.4722967e-06
   3.3990860e+00  -8.4200358e-06
   3.3991100e+00  -8.2708955e-06
   3.3991350e+00  -8.1843952e-06
   3.3991590e+00  -8.0589725e-06
   3.3991840e+00  -8.3396165e-06
   3.3992080e+00  -8.5515590e-06
   3.3992330e+00  -8.2329425e-06
   3.3992570e+00  -8.4176887e-06
   3.3992820e+00  -8.3299262e-06
   3.3993060e+00  -8.2001330e-06
   3.3993300e+00  -8.2086527e-06
   3.3993550e+00  -8.3280730e-06
   3.3993790e+00  -8.3571950e-06
   3.3994040e+00  -8.3451445e-06
   3.3994280e+00  -8.2558470e-06
   3.3994530e+00  -8.4371075e-06
   3.3994770e+00  -8.3328658e-06
   3.3995010e+00  -8.0977323e-06
   3.3995260e+00  -7.9729008e-06
   3.3995500e+00  -8.1970830e-06
   3.3995750e+00  -8.2873487e-06
   3.3995990e+00  -8.2329620e-06
   3.3996240e+00  -8.1958997e-06
   3.3996480e+00  -8.3528048e-06
   3.3996730e+00  -8.3558158e-06
   3.3996970e+00  -8.2297555e-06
   3.3997210e+00  -8.1690468e-06
   3.3997460e+00  -8.1587653e-06
   3.3997700e+00  -8.4800420e-06
   3.3997950e+00  -8.4514985e-06
   3.3998190e+00  -8.4029252e-06
   3.3998440e+00  -8.3770817e-06
   3.3998680e+00  -8.1443933e-06
   3.3998920e+00  -8.4533980e-06
   3.3999170e+00  -8.1347035e-06
   3.3999410e+00  -8.1813060e-06
   3.3999660e+00  -8.2430482e-06
   3.3999900e+00  -8.4109120e-06
   3.4000150e+00  -8.2024613e-06
   3.4000390e+00  -8.0557855e-06
   3.4000640e+00  -8.2576417e-06
   3.4000880e+00  -8.3103903e-06
   3.4001120e+00  -8.2584027e-06
   3.4001370e+00  -8.2788425e-06
   3.4001610e+00  -8.1686180e-06
   3.4001860e+00  -8.2061355e-06
   3.4002100e+00  -8.2212035e-06
   3.4002350e+00  -8.2606135e-06
   3.4002590e+00  -8.3115865e-06
   3.4002830e+00  -8.1709462e-06
   3.4003080e+00  -8.0055215e-06
   3.4003320e+00  -8.1272630e-06
   3.4003570e+00  -8.1552278e-06
   3.4003810e+00  -8.2224653e-06
   3.4004060e+00  -8.1175733e-06
   3.4004300e+00  -8.0509335e-06
   3.4004550e+00  -7.9994083e-06
   3.4004790e+00  -8.1994827e-06
   3.4005030e+00  -8.3478422e-06
   3.4005280e+00  -8.2218605e-06
   3.4005520e+00  -8.4103135e-06
   3.4005770e+00  -8.3127312e-06
   3.4006010e+00  -8.0606890e-06
   3.4006260e+00  -8.1848045e-06
   3.4006500e+00  -8.3078343e-06
   3.4006740e+00  -8.1842323e-06
   3.4006990e+00  -8.4406843e-06
   3.4007230e+00  -8.5582965e-06
   3.4007480e+00  -8.4649087e-06
   3.4007720e+00  -8.3085300e-06
   3.4007970e+00  -8.0800558e-06
   3.4008210e+00  -7.9236442e-06
   3.4008460e+00  -8.2024872e-06
   3.4008700e+00  -8.1824440e-06
   3.4008940e+00  -8.3030478e-06
   3.4009190e+00  -8.2618427e-06
   3.4009430e+00  -8.2223482e-06
   3.4009680e+00  -8.1248050e-06
   3.4009920e+00  -8.1320753e-06
   3.4010170e+00  -8.2848060e-06
   3.4010410e+00  -8.3035290e-06
   3.4010650e+00  -8.3187660e-06
   3.4010900e+00  -8.3902245e-06
   3.4011140e+00  -8.3817570e-06
   3.4011390e+00  -8.3236635e-06
   3.4011630e+00  -8.2890590e-06
   3.4011880e+00  -8.0727330e-06
   3.4012120e+00  -8.1982733e-06
   3.4012370e+00  -8.1411735e-06
   3.4012610e+00  -8.0702747e-06
   3.4012850e+00  -8.2412272e-06
   3.4013100e+00  -8.1018745e-06
   3.4013340e+00  -8.3278187e-06
   3.4013590e+00  -8.1351388e-06
   3.4013830e+00  -8.2478998e-06
   3.4014080e+00  -8.2569587e-06
   3.4014320e+00  -8.1405557e-06
   3.4014570e+00  -8.3617527e-06
   3.4014810e+00  -8.2520877e-06
   3.4015050e+00  -8.2666487e-06
   3.4015300e+00  -8.2666945e-06
   3.4015540e+00  -8.1969787e-06
   3.4015790e+00  -8.2824128e-06
   3.4016030e+00  -8.3013053e-06
   3.4016280e+00  -8.2497662e-06
   3.4016520e+00  -8.2509370e-06
   3.4016760e+00  -7.9661180e-06
   3.4017010e+00  -8.0890693e-06
   3.4017250e+00  -8.1629530e-06
   3.4017500e+00  -8.3320133e-06
   3.4017740e+00  -8.4085318e-06
   3.4017990e+00  -8.5236270e-06
   3.4018230e+00  -8.2211712e-06
   3.4018480e+00  -8.3617985e-06
   3.4018720e+00  -7.9994080e-06
   3.4018960e+00  -8.1909435e-06
   3.4019210e+00  -8.2757730e-06
   3.4019450e+00  -8.2799675e-06
   3.4019700e+00  -8.0932637e-06
   3.4019940e+00  -8.1017963e-06
   3.4020190e+00  -8.2169570e-06
   3.4020430e+00  -8.1647937e-06
   3.4020670e+00  -8.0781697e-06
   3.4020920e+00  -8.1393462e-06
   3.4021160e+00  -8.1987540e-06
   3.4021410e+00  -8.1543687e-06
   3.4021650e+00  -8.1891162e-06
   3.4021900e+00  -8.2558145e-06
   3.4022140e+00  -8.1636493e-06
   3.4022390e+00  -8.0527612e-06
   3.4022630e+00  -8.1514682e-06
   3.4022870e+00  -8.2527575e-06
   3.4023120e+00  -8.3467762e-06
   3.4023360e+00  -8.2405900e-06
   3.4023610e+00  -8.0484297e-06
   3.4023850e+00  -8.0229955e-06
   3.4024100e+00  -8.1520405e-06
   3.4024340e+00  -8.0938555e-06
   3.4024580e+00  -7.9612600e-06
   3.4024830e+00  -8.1860468e-06
   3.4025070e+00  -8.3763465e-06
   3.4025320e+00  -8.2939628e-06
   3.4025560e+00  -8.2509435e-06
   3.4025810e+00  -8.1140163e-06
   3.4026050e+00  -8.0660670e-06
   3.4026300e+00  -8.3436870e-06
   3.4026540e+00  -8.1116557e-06
   3.4026780e+00  -8.2781923e-06
   3.4027030e+00  -8.1024530e-06
   3.4027270e+00  -8.1284403e-06
   3.4027520e+00  -8.0848617e-06
   3.4027760e+00  -8.2175812e-06
   3.4028010e+00  -8.3454882e-06
   3.4028250e+00  -8.2411688e-06
   3.4028490e+00  -8.1658793e-06
   3.4028740e+00  -7.9931972e-06
   3.4028980e+00  -7.9689592e-06
   3.4029230e+00  -8.0587443e-06
   3.4029470e+00  -8.0885295e-06
   3.4029720e+00  -8.2048345e-06
   3.4029960e+00  -8.3406110e-06
   3.4030210e+00  -8.1321605e-06
   3.4030450e+00  -8.2084312e-06
   3.4030690e+00  -8.0854663e-06
   3.4030940e+00  -8.0223058e-06
   3.4031180e+00  -8.2012190e-06
   3.4031430e+00  -8.3150653e-06
   3.4031670e+00  -8.1218265e-06
   3.4031920e+00  -8.3308297e-06
   3.4032160e+00  -8.3424580e-06
   3.4032400e+00  -8.0485278e-06
   3.4032650e+00  -8.1950665e-06
   3.4032890e+00  -8.0956178e-06
   3.4033140e+00  -8.1785870e-06
   3.4033380e+00  -8.2519897e-06
   3.4033630e+00  -8.0665870e-06
   3.4033870e+00  -8.0496587e-06
   3.4034120e+00  -8.0860908e-06
   3.4034360e+00  -8.1629988e-06
   3.4034600e+00  -8.1811103e-06
   3.4034850e+00  -8.4411907e-06
   3.4035090e+00  -8.3313432e-06
   3.4035340e+00  -8.2726315e-06
   3.4035580e+00  -8.1757257e-06
   3.4035830e+00  -8.1690337e-06
   3.4036070e+00  -8.1060168e-06
   3.4036310e+00  -7.9029183e-06
   3.4036560e+00  -8.0046425e-06
   3.4036800e+00  -8.0998710e-06
   3.4037050e+00  -8.2022460e-06
   3.4037290e+00  -8.3604715e-06
   3.4037540e+00  -8.1502068e-06
   3.4037780e+00  -8.1617045e-06
   3.4038030e+00  -8.4022878e-06
   3.4038270e+00  -8.0236652e-06
   3.4038510e+00  -8.1314838e-06
   3.4038760e+00  -8.2915435e-06
   3.4039000e+00  -8.3605040e-06
   3.4039250e+00  -8.3775690e-06
   3.4039490e+00  -8.2315702e-06
   3.4039740e+00  -8.3405390e-06
   3.4039980e+00  -8.4206472e-06
   3.4040220e+00  -8.3304140e-06
   3.4040470e+00  -8.2078983e-06
   3.4040710e+00  -8.1800183e-06
   3.4040960e+00  -8.2829458e-06
   3.4041200e+00  -8.2594040e-06
   3.4041450e+00  -8.2236295e-06
   3.4041690e+00  -7.8587870e-06
   3.4041940e+00  -7.9951222e-06
   3.4042180e+00  -8.0665870e-06
   3.4042420e+00  -8.1029405e-06
   3.4042670e+00  -7.9538387e-06
   3.4042910e+00  -8.2562690e-06
   3.4043160e+00  -7.9798785e-06
   3.4043400e+00  -8.2284480e-06
   3.4043650e+00  -8.3806910e-06
   3.4043890e+00  -8.3938987e-06
   3.4044130e+00  -7.9612663e-06
   3.4044380e+00  -8.2035795e-06
   3.4044620e+00  -8.1041700e-06
   3.4044870e+00  -8.0618462e-06
   3.4045110e+00  -8.0060415e-06
   3.4045360e+00  -8.0151005e-06
   3.4045600e+00  -8.2054982e-06
   3.4045850e+00  -8.5799523e-06
   3.4046090e+00  -8.1996000e-06
   3.4046330e+00  -8.3170690e-06
   3.4046580e+00  -8.2909845e-06
   3.4046820e+00  -8.1607427e-06
   3.4047070e+00  -8.3229735e-06
   3.4047310e+00  -8.0994747e-06
   3.4047560e+00  -8.2156820e-06
   3.4047800e+00  -8.3441810e-06
   3.4048040e+00  -8.2569720e-06
   3.4048290e+00  -8.1400035e-06
   3.4048530e+00  -8.0727525e-06
   3.4048780e+00  -8.0484820e-06
   3.4049020e+00  -8.2066295e-06
   3.4049270e+00  -8.3707663e-06
   3.4049510e+00  -8.1229838e-06
   3.4049760e+00  -8.2005032e-06
   3.4050000e+00  -8.1345405e-06
