   3.3800000e+00  -8.1214616e-06
   3.3800240e+00  -8.1838861e-06
   3.3800490e+00  -8.1761992e-06
   3.3800730e+00  -8.1485599e-06
   3.3800980e+00  -8.2455634e-06
   3.3801220e+00  -8.2169864e-06
   3.3801470e+00  -8.2195096e-06
   3.3801710e+00  -8.1758939e-06
   3.3801960e+00  -8.2278728e-06
   3.3802200e+00  -8.1861636e-06
   3.3802440e+00  -8.2733052e-06
   3.3802690e+00  -8.2653203e-06
   3.3802930e+00  -8.2097171e-06
   3.3803180e+00  -8.2313933e-06
   3.3803420e+00  -8.1539374e-06
   3.3803670e+00  -8.2136090e-06
   3.3803910e+00  -8.2201066e-06
   3.3804150e+00  -8.2167074e-06
   3.3804400e+00  -8.1964748e-06
   3.3804640e+00  -8.1768595e-06
   3.3804890e+00  -8.1592097e-06
   3.3805130e+00  -8.1147731e-06
   3.3805380e+00  -8.2169689e-06
   3.3805620e+00  -8.2109702e-06
   3.3805870e+00  -8.3143656e-06
   3.3806110e+00  -8.2384286e-06
   3.3806350e+00  -8.1700342e-06
   3.3806600e+00  -8.1360606e-06
   3.3806840e+00  -8.2401887e-06
   3.3807090e+00  -8.2081174e-06
   3.3807330e+00  -8.1539970e-06
   3.3807580e+00  -8.1787802e-06
   3.3807820e+00  -8.1539534e-06
   3.3808060e+00  -8.2227990e-06
   3.3808310e+00  -8.2060853e-06
   3.3808550e+00  -8.1454599e-06
   3.3808800e+00  -8.1903848e-06
   3.3809040e+00  -8.1598351e-06
   3.3809290e+00  -8.1490861e-06
   3.3809530e+00  -8.1762944e-06
   3.3809780e+00  -8.1248087e-06
   3.3810020e+00  -8.1906379e-06
   3.3810260e+00  -8.2176065e-06
   3.3810510e+00  -8.2539383e-06
   3.3810750e+00  -8.2807087e-06
   3.3811000e+00  -8.1688965e-06
   3.3811240e+00  -8.2266937e-06
   3.3811490e+00  -8.2529381e-06
   3.3811730e+00  -8.1699587e-06
   3.3811970e+00  -8.1144768e-06
   3.3812220e+00  -8.1113477e-06
   3.3812460e+00  -8.1983478e-06
   3.3812710e+00  -8.1518939e-06
   3.3812950e+00  -8.2662380e-06
   3.3813200e+00  -8.2723296e-06
   3.3813440e+00  -8.2708701e-06
   3.3813690e+00  -8.2462861e-06
   3.3813930e+00  -8.2261242e-06
   3.3814170e+00  -8.1316139e-06
   3.3814420e+00  -8.1722406e-06
   3.3814660e+00  -8.2641093e-06
   3.3814910e+00  -8.2430283e-06
   3.3815150e+00  -8.0741285e-06
   3.3815400e+00  -8.0963888e-06
   3.3815640e+00  -8.2677701e-06
   3.3815880e+00  -8.2277746e-06
   3.3816130e+00  -8.3404248e-06
   3.3816370e+00  -8.2262833e-06
   3.3816620e+00  -8.4482068e-06
   3.3816860e+00  -8.3297713e-06
   3.3817110e+00  -8.3247624e-06
   3.3817350e+00  -8.1877257e-06
   3.3817600e+00  -8.1792700e-06
   3.3817840e+00  -8.2066462e-06
   3.3818080e+00  -8.2124717e-06
   3.3818330e+00  -8.1914241e-06
   3.3818570e+00  -8.1589537e-06
   3.3818820e+00  -8.2141021e-06
   3.3819060e+00  -8.1343033e-06
   3.3819310e+00  -8.1013287e-06
   3.3819550e+00  -8.1240801e-06
   3.3819790e+00  -8.1649930e-06
   3.3820040e+00  -8.1935614e-06
   3.3820280e+00  -8.1636796e-06
   3.3820530e+00  -8.1284937e-06
   3.3820770e+00  -8.0740955e-06
   3.3821020e+00  -8.1982944e-06
   3.3821260e+00  -8.2102677e-06
   3.3821510e+00  -8.1783554e-06
   3.3821750e+00  -8.1850537e-06
   3.3821990e+00  -8.1271482e-06
   3.3822240e+00  -8.1017088e-06
   3.3822480e+00  -8.1474040e-06
   3.3822730e+00  -8.1831087e-06
   3.3822970e+00  -8.2265375e-06
   3.3823220e+00  -8.2395024e-06
   3.3823460e+00  -8.1791891e-06
   3.3823700e+00  -8.1912059e-06
   3.3823950e+00  -8.2316840e-06
   3.3824190e+00  -8.2450548e-06
   3.3824440e+00  -8.1095808e-06
   3.3824680e+00  -8.0453047e-06
   3.3824930e+00  -8.2144531e-06
   3.3825170e+00  -8.2249494e-06
   3.3825420e+00  -8.1695037e-06
   3.3825660e+00  -8.1736832e-06
   3.3825900e+00  -8.1983639e-06
   3.3826150e+00  -8.1186363e-06
   3.3826390e+00  -8.1785534e-06
   3.3826640e+00  -8.1338657e-06
   3.3826880e+00  -8.1517744e-06
   3.3827130e+00  -8.2346842e-06
   3.3827370e+00  -8.1622649e-06
   3.3827610e+00  -8.1498086e-06
   3.3827860e+00  -8.2159604e-06
   3.3828100e+00  -8.1601260e-06
   3.3828350e+00  -8.1632244e-06
   3.3828590e+00  -8.1672954e-06
   3.3828840e+00  -8.1876681e-06
   3.3829080e+00  -8.2283196e-06
   3.3829330e+00  -8.2374819e-06
   3.3829570e+00  -8.2340368e-06
   3.3829810e+00  -8.1714316e-06
   3.3830060e+00  -8.1060762e-06
   3.3830300e+00  -8.0888598e-06
   3.3830550e+00  -8.1688216e-06
   3.3830790e+00  -8.1378238e-06
   3.3831040e+00  -8.1526746e-06
   3.3831280e+00  -8.0991797e-06
   3.3831520e+00  -8.1038793e-06
   3.3831770e+00  -8.1538827e-06
   3.3832010e+00  -8.0824028e-06
   3.3832260e+00  -8.1566361e-06
   3.3832500e+00  -8.0817786e-06
   3.3832750e+00  -8.1599828e-06
   3.3832990e+00  -8.2102087e-06
   3.3833240e+00  -8.2904928e-06
   3.3833480e+00  -8.2298806e-06
   3.3833720e+00  -8.1932309e-06
   3.3833970e+00  -8.2259177e-06
   3.3834210e+00  -8.1509821e-06
   3.3834460e+00  -8.1812096e-06
   3.3834700e+00  -8.1555158e-06
   3.3834950e+00  -8.1929344e-06
   3.3835190e+00  -8.2515423e-06
   3.3835430e+00  -8.2406674e-06
   3.3835680e+00  -8.2141122e-06
   3.3835920e+00  -8.2159503e-06
   3.3836170e+00  -8.1745186e-06
   3.3836410e+00  -8.0796916e-06
   3.3836660e+00  -8.1630263e-06
   3.3836900e+00  -8.2104501e-06
   3.3837150e+00  -8.2820889e-06
   3.3837390e+00  -8.3199368e-06
   3.3837630e+00  -8.1778525e-06
   3.3837880e+00  -8.1557963e-06
   3.3838120e+00  -8.0705233e-06
   3.3838370e+00  -8.0103228e-06
   3.3838610e+00  -8.0458699e-06
   3.3838860e+00  -8.0688961e-06
   3.3839100e+00  -8.1206969e-06
   3.3839350e+00  -8.1612574e-06
   3.3839590e+00  -8.1573207e-06
   3.3839830e+00  -8.1237824e-06
   3.3840080e+00  -8.1501151e-06
   3.3840320e+00  -8.1756745e-06
   3.3840570e+00  -8.1034979e-06
   3.3840810e+00  -8.2666546e-06
   3.3841060e+00  -8.3413631e-06
   3.3841300e+00  -8.2269077e-06
   3.3841540e+00  -8.1528292e-06
   3.3841790e+00  -8.1943722e-06
   3.3842030e+00  -8.1581067e-06
   3.3842280e+00  -8.2291841e-06
   3.3842520e+00  -8.2270248e-06
   3.3842770e+00  -8.1576141e-06
   3.3843010e+00  -8.2769788e-06
   3.3843260e+00  -8.2674292e-06
   3.3843500e+00  -8.1904473e-06
   3.3843740e+00  -8.2835282e-06
   3.3843990e+00  -8.2226834e-06
   3.3844230e+00  -8.2057083e-06
   3.3844480e+00  -8.2194707e-06
   3.3844720e+00  -8.1939762e-06
   3.3844970e+00  -8.2219074e-06
   3.3845210e+00  -8.2674031e-06
   3.3845450e+00  -8.1874066e-06
   3.3845700e+00  -8.0987851e-06
   3.3845940e+00  -8.1393646e-06
   3.3846190e+00  -8.1610437e-06
   3.3846430e+00  -8.0739671e-06
   3.3846680e+00  -8.1437853e-06
   3.3846920e+00  -8.1771328e-06
   3.3847170e+00  -8.1057928e-06
   3.3847410e+00  -8.1700456e-06
   3.3847650e+00  -8.1106719e-06
   3.3847900e+00  -8.1283191e-06
   3.3848140e+00  -8.2474063e-06
   3.3848390e+00  -8.2111003e-06
   3.3848630e+00  -8.1158256e-06
   3.3848880e+00  -8.2173943e-06
   3.3849120e+00  -8.1422536e-06
   3.3849360e+00  -8.1606549e-06
   3.3849610e+00  -8.0821542e-06
   3.3849850e+00  -8.1022264e-06
   3.3850100e+00  -8.1198677e-06
   3.3850340e+00  -8.2255739e-06
   3.3850590e+00  -8.2793967e-06
   3.3850830e+00  -8.1870382e-06
   3.3851080e+00  -8.1620179e-06
   3.3851320e+00  -8.1857158e-06
   3.3851560e+00  -8.1673881e-06
   3.3851810e+00  -8.1334421e-06
   3.3852050e+00  -8.1710169e-06
   3.3852300e+00  -8.1835263e-06
   3.3852540e+00  -8.1462813e-06
   3.3852790e+00  -8.2212543e-06
   3.3853030e+00  -8.1444819e-06
   3.3853270e+00  -8.1164701e-06
   3.3853520e+00  -8.0045074e-06
   3.3853760e+00  -8.1332803e-06
   3.3854010e+00  -8.1087844e-06
   3.3854250e+00  -8.0468457e-06
   3.3854500e+00  -8.1443084e-06
   3.3854740e+00  -8.2050768e-06
   3.3854990e+00  -8.1388125e-06
   3.3855230e+00  -8.1524768e-06
   3.3855470e+00  -8.1117717e-06
   3.3855720e+00  -8.1314493e-06
   3.3855960e+00  -8.2156428e-06
   3.3856210e+00  -8.2000029e-06
   3.3856450e+00  -8.2484541e-06
   3.3856700e+00  -8.2055133e-06
   3.3856940e+00  -8.2730207e-06
   3.3857180e+00  -8.2890420e-06
   3.3857430e+00  -8.1964997e-06
   3.3857670e+00  -8.2318042e-06
   3.3857920e+00  -8.1552949e-06
   3.3858160e+00  -8.2571238e-06
   3.3858410e+00  -8.1720906e-06
   3.3858650e+00  -8.1248318e-06
   3.3858900e+00  -8.1198866e-06
   3.3859140e+00  -8.1451133e-06
   3.3859380e+00  -8.2370081e-06
   3.3859630e+00  -8.1674949e-06
   3.3859870e+00  -8.1082672e-06
   3.3860120e+00  -8.1578020e-06
   3.3860360e+00  -8.1677696e-06
   3.3860610e+00  -8.1729652e-06
   3.3860850e+00  -8.1125970e-06
   3.3861090e+00  -8.1037091e-06
   3.3861340e+00  -8.1970723e-06
   3.3861580e+00  -8.1565291e-06
   3.3861830e+00  -8.2535006e-06
   3.3862070e+00  -8.1848097e-06
   3.3862320e+00  -8.2886302e-06
   3.3862560e+00  -8.2867703e-06
   3.3862810e+00  -8.1523568e-06
   3.3863050e+00  -8.1126492e-06
   3.3863290e+00  -8.0976844e-06
   3.3863540e+00  -8.0682042e-06
   3.3863780e+00  -8.1371406e-06
   3.3864030e+00  -8.1538396e-06
   3.3864270e+00  -8.2012589e-06
   3.3864520e+00  -8.1825728e-06
   3.3864760e+00  -8.1694982e-06
   3.3865000e+00  -8.1836481e-06
   3.3865250e+00  -8.1880874e-06
   3.3865490e+00  -8.1889172e-06
   3.3865740e+00  -8.2175910e-06
   3.3865980e+00  -8.1008567e-06
   3.3866230e+00  -8.0055384e-06
   3.3866470e+00  -8.0474053e-06
   3.3866720e+00  -8.0957363e-06
   3.3866960e+00  -8.1343384e-06
   3.3867200e+00  -8.1516214e-06
   3.3867450e+00  -8.0699284e-06
   3.3867690e+00  -8.0619235e-06
   3.3867940e+00  -8.1738193e-06
   3.3868180e+00  -8.1168053e-06
   3.3868430e+00  -8.0565156e-06
   3.3868670e+00  -8.0760254e-06
   3.3868910e+00  -8.0287347e-06
   3.3869160e+00  -8.1024433e-06
   3.3869400e+00  -8.1022252e-06
   3.3869650e+00  -8.1306866e-06
   3.3869890e+00  -8.1049579e-06
   3.3870140e+00  -8.1359685e-06
   3.3870380e+00  -8.1114701e-06
   3.3870630e+00  -8.1642668e-06
   3.3870870e+00  -8.1650630e-06
   3.3871110e+00  -8.1981203e-06
   3.3871360e+00  -8.1464058e-06
   3.3871600e+00  -8.0752711e-06
   3.3871850e+00  -8.0856475e-06
   3.3872090e+00  -8.1230748e-06
   3.3872340e+00  -8.1808617e-06
   3.3872580e+00  -8.1920418e-06
   3.3872830e+00  -8.1303847e-06
   3.3873070e+00  -8.1443768e-06
   3.3873310e+00  -8.1483871e-06
   3.3873560e+00  -8.2216679e-06
   3.3873800e+00  -8.1725145e-06
   3.3874050e+00  -8.0354072e-06
   3.3874290e+00  -8.1162393e-06
   3.3874540e+00  -8.0940412e-06
   3.3874780e+00  -8.0016567e-06
   3.3875020e+00  -8.0658863e-06
   3.3875270e+00  -8.0937668e-06
   3.3875510e+00  -8.1386628e-06
   3.3875760e+00  -8.1014624e-06
   3.3876000e+00  -8.1179057e-06
   3.3876250e+00  -8.0264502e-06
   3.3876490e+00  -7.9982043e-06
   3.3876740e+00  -8.1353158e-06
   3.3876980e+00  -8.1245362e-06
   3.3877220e+00  -8.1491605e-06
   3.3877470e+00  -8.1556263e-06
   3.3877710e+00  -8.0645727e-06
   3.3877960e+00  -8.0301816e-06
   3.3878200e+00  -8.0927015e-06
   3.3878450e+00  -8.0555519e-06
   3.3878690e+00  -8.0836721e-06
   3.3878930e+00  -8.1725681e-06
   3.3879180e+00  -8.0418124e-06
   3.3879420e+00  -8.0805968e-06
   3.3879670e+00  -8.1152364e-06
   3.3879910e+00  -8.1334082e-06
   3.3880160e+00  -8.2691829e-06
   3.3880400e+00  -8.1232082e-06
   3.3880650e+00  -8.1628725e-06
   3.3880890e+00  -8.0439527e-06
   3.3881130e+00  -8.0178096e-06
   3.3881380e+00  -8.0410394e-06
   3.3881620e+00  -8.1117508e-06
   3.3881870e+00  -8.1248064e-06
   3.3882110e+00  -8.0399498e-06
   3.3882360e+00  -8.0889704e-06
   3.3882600e+00  -8.1149748e-06
   3.3882840e+00  -8.0720343e-06
   3.3883090e+00  -8.0080386e-06
   3.3883330e+00  -8.0484373e-06
   3.3883580e+00  -8.0503623e-06
   3.3883820e+00  -8.0982888e-06
   3.3884070e+00  -8.1210909e-06
   3.3884310e+00  -8.0783701e-06
   3.3884560e+00  -8.1682271e-06
   3.3884800e+00  -8.1533979e-06
   3.3885040e+00  -8.0674907e-06
   3.3885290e+00  -8.1212617e-06
   3.3885530e+00  -8.0288525e-06
   3.3885780e+00  -7.9784589e-06
   3.3886020e+00  -8.0918796e-06
   3.3886270e+00  -8.0971473e-06
   3.3886510e+00  -8.0375972e-06
   3.3886750e+00  -8.0335493e-06
   3.3887000e+00  -7.9929484e-06
   3.3887240e+00  -8.0019607e-06
   3.3887490e+00  -8.0981331e-06
   3.3887730e+00  -8.1010508e-06
   3.3887980e+00  -8.0302326e-06
   3.3888220e+00  -7.9590878e-06
   3.3888470e+00  -8.0885400e-06
   3.3888710e+00  -8.0283438e-06
   3.3888950e+00  -7.9833858e-06
   3.3889200e+00  -8.0487049e-06
   3.3889440e+00  -8.0633089e-06
   3.3889690e+00  -8.0596943e-06
   3.3889930e+00  -7.9552888e-06
   3.3890180e+00  -8.0600817e-06
   3.3890420e+00  -8.1163960e-06
   3.3890660e+00  -8.0646183e-06
   3.3890910e+00  -8.0133835e-06
   3.3891150e+00  -8.0134934e-06
   3.3891400e+00  -8.0089976e-06
   3.3891640e+00  -8.0478255e-06
   3.3891890e+00  -7.9333324e-06
   3.3892130e+00  -7.9007365e-06
   3.3892380e+00  -7.8908241e-06
   3.3892620e+00  -7.9488422e-06
   3.3892860e+00  -8.0192340e-06
   3.3893110e+00  -8.0269556e-06
   3.3893350e+00  -8.0101481e-06
   3.3893600e+00  -8.0169219e-06
   3.3893840e+00  -7.8819564e-06
   3.3894090e+00  -7.9074262e-06
   3.3894330e+00  -7.9777734e-06
   3.3894570e+00  -8.0008860e-06
   3.3894820e+00  -7.9567924e-06
   3.3895060e+00  -7.9637567e-06
   3.3895310e+00  -7.9586175e-06
   3.3895550e+00  -7.8735456e-06
   3.3895800e+00  -7.9297140e-06
   3.3896040e+00  -7.8668792e-06
   3.3896290e+00  -7.7958039e-06
   3.3896530e+00  -7.8493059e-06
   3.3896770e+00  -7.8029474e-06
   3.3897020e+00  -7.7967794e-06
   3.3897260e+00  -7.9411878e-06
   3.3897510e+00  -7.9018383e-06
   3.3897750e+00  -7.8232597e-06
   3.3898000e+00  -7.8210344e-06
   3.3898240e+00  -7.8673509e-06
   3.3898480e+00  -7.8083571e-06
   3.3898730e+00  -7.7814797e-06
   3.3898970e+00  -7.8923179e-06
   3.3899220e+00  -7.7900930e-06
   3.3899460e+00  -7.7646319e-06
   3.3899710e+00  -7.7058116e-06
   3.3899950e+00  -7.6174519e-06
   3.3900200e+00  -7.6315759e-06
   3.3900440e+00  -7.7760839e-06
   3.3900680e+00  -7.6966496e-06
   3.3900930e+00  -7.6420622e-06
   3.3901170e+00  -7.6510064e-06
   3.3901420e+00  -7.6032176e-06
   3.3901660e+00  -7.6212811e-06
   3.3901910e+00  -7.6393937e-06
   3.3902150e+00  -7.5705916e-06
   3.3902390e+00  -7.4362172e-06
   3.3902640e+00  -7.4682541e-06
   3.3902880e+00  -7.5669816e-06
   3.3903130e+00  -7.4361538e-06
   3.3903370e+00  -7.4677458e-06
   3.3903620e+00  -7.4508891e-06
   3.3903860e+00  -7.4217734e-06
   3.3904110e+00  -7.4588307e-06
   3.3904350e+00  -7.4093852e-06
   3.3904590e+00  -7.2939849e-06
   3.3904840e+00  -7.2436971e-06
   3.3905080e+00  -7.2276846e-06
   3.3905330e+00  -7.1518172e-06
   3.3905570e+00  -7.1980354e-06
   3.3905820e+00  -7.0711921e-06
   3.3906060e+00  -7.1064344e-06
   3.3906300e+00  -7.0110079e-06
   3.3906550e+00  -7.0134243e-06
   3.3906790e+00  -6.9186900e-06
   3.3907040e+00  -6.8318637e-06
   3.3907280e+00  -6.8485239e-06
   3.3907530e+00  -6.7658669e-06
   3.3907770e+00  -6.7641096e-06
   3.3908020e+00  -6.8234766e-06
   3.3908260e+00  -6.7135719e-06
   3.3908500e+00  -6.5463444e-06
   3.3908750e+00  -6.4593764e-06
   3.3908990e+00  -6.5166248e-06
   3.3909240e+00  -6.4406327e-06
   3.3909480e+00  -6.2892573e-06
   3.3909730e+00  -6.3064968e-06
   3.3909970e+00  -6.2165343e-06
   3.3910220e+00  -6.2031490e-06
   3.3910460e+00  -6.0881589e-06
   3.3910700e+00  -5.9894227e-06
   3.3910950e+00  -6.0543401e-06
   3.3911190e+00  -6.0326796e-06
   3.3911440e+00  -5.9346472e-06
   3.3911680e+00  -5.8447956e-06
   3.3911930e+00  -5.7913121e-06
   3.3912170e+00  -5.8739140e-06
   3.3912410e+00  -5.8981144e-06
   3.3912660e+00  -5.8964593e-06
   3.3912900e+00  -5.8886289e-06
   3.3913150e+00  -5.9596402e-06
   3.3913390e+00  -6.0728290e-06
   3.3913640e+00  -6.1171377e-06
   3.3913880e+00  -6.3647857e-06
   3.3914130e+00  -6.3612707e-06
   3.3914370e+00  -6.5612211e-06
   3.3914610e+00  -6.4295646e-06
   3.3914860e+00  -6.5773148e-06
   3.3915100e+00  -6.7399099e-06
   3.3915350e+00  -6.8751076e-06
   3.3915590e+00  -7.0591509e-06
   3.3915840e+00  -7.1829562e-06
   3.3916080e+00  -7.3119643e-06
   3.3916320e+00  -7.3352286e-06
   3.3916570e+00  -7.4271739e-06
   3.3916810e+00  -7.4864219e-06
   3.3917060e+00  -7.6163595e-06
   3.3917300e+00  -7.5953813e-06
   3.3917550e+00  -7.8122263e-06
   3.3917790e+00  -7.8252636e-06
   3.3918040e+00  -7.7822205e-06
   3.3918280e+00  -7.7294744e-06
   3.3918520e+00  -7.7684061e-06
   3.3918770e+00  -7.7807813e-06
   3.3919010e+00  -7.7858225e-06
   3.3919260e+00  -7.6832307e-06
   3.3919500e+00  -7.6868743e-06
   3.3919750e+00  -7.6610056e-06
   3.3919990e+00  -7.7182883e-06
   3.3920230e+00  -7.5435821e-06
   3.3920480e+00  -7.5796006e-06
   3.3920720e+00  -7.5767393e-06
   3.3920970e+00  -7.5778233e-06
   3.3921210e+00  -7.4945102e-06
   3.3921460e+00  -7.4396079e-06
   3.3921700e+00  -7.4124588e-06
   3.3921950e+00  -7.3953756e-06
   3.3922190e+00  -7.3145291e-06
   3.3922430e+00  -7.2690494e-06
   3.3922680e+00  -7.3334482e-06
   3.3922920e+00  -7.2836932e-06
   3.3923170e+00  -7.1602836e-06
   3.3923410e+00  -7.1209791e-06
   3.3923660e+00  -7.1421853e-06
   3.3923900e+00  -7.1894369e-06
   3.3924140e+00  -7.3060078e-06
   3.3924390e+00  -7.2489532e-06
   3.3924630e+00  -7.2938592e-06
   3.3924880e+00  -7.2477275e-06
   3.3925120e+00  -7.3207869e-06
   3.3925370e+00  -7.3984116e-06
   3.3925610e+00  -7.4032628e-06
   3.3925860e+00  -7.4396261e-06
   3.3926100e+00  -7.5286286e-06
   3.3926340e+00  -7.5908435e-06
   3.3926590e+00  -7.5599799e-06
   3.3926830e+00  -7.6880731e-06
   3.3927080e+00  -7.6449056e-06
   3.3927320e+00  -7.7277949e-06
   3.3927570e+00  -7.7193796e-06
   3.3927810e+00  -7.7882004e-06
   3.3928050e+00  -7.7835814e-06
   3.3928300e+00  -7.8349057e-06
   3.3928540e+00  -7.9260444e-06
   3.3928790e+00  -8.0046911e-06
   3.3929030e+00  -8.0635895e-06
   3.3929280e+00  -8.0046318e-06
   3.3929520e+00  -8.0152064e-06
   3.3929770e+00  -8.1213259e-06
   3.3930010e+00  -8.1672421e-06
   3.3930250e+00  -8.1064174e-06
   3.3930500e+00  -8.1093772e-06
   3.3930740e+00  -8.0544430e-06
   3.3930990e+00  -7.9876701e-06
   3.3931230e+00  -8.1112346e-06
   3.3931480e+00  -8.0663689e-06
   3.3931720e+00  -8.0496960e-06
   3.3931960e+00  -8.0701713e-06
   3.3932210e+00  -8.0360954e-06
   3.3932450e+00  -7.9988906e-06
   3.3932700e+00  -8.0240669e-06
   3.3932940e+00  -7.9592971e-06
   3.3933190e+00  -7.9451443e-06
   3.3933430e+00  -8.0248415e-06
   3.3933680e+00  -8.0133319e-06
   3.3933920e+00  -7.8878944e-06
   3.3934160e+00  -8.0177253e-06
   3.3934410e+00  -8.0606426e-06
   3.3934650e+00  -7.9532337e-06
   3.3934900e+00  -8.0245589e-06
   3.3935140e+00  -8.0965448e-06
   3.3935390e+00  -8.1099051e-06
   3.3935630e+00  -8.0927174e-06
   3.3935870e+00  -8.0785977e-06
   3.3936120e+00  -8.0504929e-06
   3.3936360e+00  -8.1125675e-06
   3.3936610e+00  -8.2064634e-06
   3.3936850e+00  -8.1737979e-06
   3.3937100e+00  -8.2899826e-06
   3.3937340e+00  -8.4326652e-06
   3.3937590e+00  -8.6329047e-06
   3.3937830e+00  -8.6305342e-06
   3.3938070e+00  -8.7246425e-06
   3.3938320e+00  -8.7583394e-06
   3.3938560e+00  -8.8501833e-06
   3.3938810e+00  -9.0631809e-06
   3.3939050e+00  -9.1602461e-06
   3.3939300e+00  -9.2660071e-06
   3.3939540e+00  -9.3840289e-06
   3.3939780e+00  -9.5584632e-06
   3.3940030e+00  -9.6034071e-06
   3.3940270e+00  -9.7197208e-06
   3.3940520e+00  -9.7073800e-06
   3.3940760e+00  -9.7947875e-06
   3.3941010e+00  -9.8841994e-06
   3.3941250e+00  -1.0013361e-05
   3.3941500e+00  -1.0027149e-05
   3.3941740e+00  -1.0168073e-05
   3.3941980e+00  -1.0200713e-05
   3.3942230e+00  -1.0231762e-05
   3.3942470e+00  -1.0244942e-05
   3.3942720e+00  -1.0167306e-05
   3.3942960e+00  -1.0174108e-05
   3.3943210e+00  -1.0088325e-05
   3.3943450e+00  -1.0213955e-05
   3.3943700e+00  -1.0125535e-05
   3.3943940e+00  -1.0115745e-05
   3.3944180e+00  -1.0078752e-05
   3.3944430e+00  -1.0072898e-05
   3.3944670e+00  -9.9987457e-06
   3.3944920e+00  -9.9273087e-06
   3.3945160e+00  -9.8413346e-06
   3.3945410e+00  -9.7458903e-06
   3.3945650e+00  -9.6570943e-06
   3.3945890e+00  -9.5770721e-06
   3.3946140e+00  -9.5141882e-06
   3.3946380e+00  -9.3826741e-06
   3.3946630e+00  -9.3348376e-06
   3.3946870e+00  -9.2516691e-06
   3.3947120e+00  -9.3260873e-06
   3.3947360e+00  -9.2239813e-06
   3.3947610e+00  -9.1500808e-06
   3.3947850e+00  -9.1074247e-06
   3.3948090e+00  -8.9711011e-06
   3.3948340e+00  -9.0296846e-06
   3.3948580e+00  -8.9417772e-06
   3.3948830e+00  -8.9656661e-06
   3.3949070e+00  -8.9147046e-06
   3.3949320e+00  -8.8030963e-06
   3.3949560e+00  -8.8808442e-06
   3.3949800e+00  -8.8584123e-06
   3.3950050e+00  -8.8409183e-06
   3.3950290e+00  -8.8137259e-06
   3.3950540e+00  -8.8134570e-06
   3.3950780e+00  -8.7237431e-06
   3.3951030e+00  -8.7148668e-06
   3.3951270e+00  -8.7009168e-06
   3.3951520e+00  -8.6798632e-06
   3.3951760e+00  -8.5384162e-06
   3.3952000e+00  -8.5700568e-06
   3.3952250e+00  -8.6048986e-06
   3.3952490e+00  -8.4706284e-06
   3.3952740e+00  -8.4858635e-06
   3.3952980e+00  -8.5713429e-06
   3.3953230e+00  -8.5083070e-06
   3.3953470e+00  -8.4552415e-06
   3.3953710e+00  -8.4896799e-06
   3.3953960e+00  -8.5137827e-06
   3.3954200e+00  -8.5045984e-06
   3.3954450e+00  -8.5928022e-06
   3.3954690e+00  -8.6023431e-06
   3.3954940e+00  -8.5884114e-06
   3.3955180e+00  -8.6051148e-06
   3.3955430e+00  -8.5372681e-06
   3.3955670e+00  -8.5679303e-06
   3.3955910e+00  -8.6077552e-06
   3.3956160e+00  -8.5690719e-06
   3.3956400e+00  -8.6842930e-06
   3.3956650e+00  -8.6598926e-06
   3.3956890e+00  -8.6124254e-06
   3.3957140e+00  -8.5957409e-06
   3.3957380e+00  -8.7027505e-06
   3.3957620e+00  -8.7747246e-06
   3.3957870e+00  -8.7573869e-06
   3.3958110e+00  -8.7326813e-06
   3.3958360e+00  -8.7630807e-06
   3.3958600e+00  -8.8568137e-06
   3.3958850e+00  -8.8584192e-06
   3.3959090e+00  -8.9005360e-06
   3.3959340e+00  -8.8452939e-06
   3.3959580e+00  -8.9211196e-06
   3.3959820e+00  -8.9788747e-06
   3.3960070e+00  -8.9176930e-06
   3.3960310e+00  -8.9382621e-06
   3.3960560e+00  -8.9803343e-06
   3.3960800e+00  -9.0898053e-06
   3.3961050e+00  -9.0866603e-06
   3.3961290e+00  -9.0130547e-06
   3.3961530e+00  -8.9918973e-06
   3.3961780e+00  -9.1188117e-06
   3.3962020e+00  -9.2263042e-06
   3.3962270e+00  -9.1820268e-06
   3.3962510e+00  -9.0156202e-06
   3.3962760e+00  -9.1214884e-06
   3.3963000e+00  -9.0291588e-06
   3.3963250e+00  -9.1751915e-06
   3.3963490e+00  -9.2717082e-06
   3.3963730e+00  -9.1574207e-06
   3.3963980e+00  -9.0563288e-06
   3.3964220e+00  -8.9814167e-06
   3.3964470e+00  -8.9656571e-06
   3.3964710e+00  -9.0557583e-06
   3.3964960e+00  -8.9762894e-06
   3.3965200e+00  -8.9195013e-06
   3.3965440e+00  -8.9700147e-06
   3.3965690e+00  -8.8284293e-06
   3.3965930e+00  -8.7856202e-06
   3.3966180e+00  -8.8983039e-06
   3.3966420e+00  -8.8036146e-06
   3.3966670e+00  -8.8216403e-06
   3.3966910e+00  -8.7464161e-06
   3.3967160e+00  -8.5874895e-06
   3.3967400e+00  -8.6079778e-06
   3.3967640e+00  -8.6349683e-06
   3.3967890e+00  -8.7345049e-06
   3.3968130e+00  -8.6706453e-06
   3.3968380e+00  -8.6773004e-06
   3.3968620e+00  -8.5247430e-06
   3.3968870e+00  -8.5214073e-06
   3.3969110e+00  -8.5428973e-06
   3.3969350e+00  -8.5209292e-06
   3.3969600e+00  -8.4835582e-06
   3.3969840e+00  -8.4782184e-06
   3.3970090e+00  -8.4858433e-06
   3.3970330e+00  -8.3768277e-06
   3.3970580e+00  -8.5136094e-06
   3.3970820e+00  -8.4306445e-06
   3.3971070e+00  -8.4007177e-06
   3.3971310e+00  -8.4247163e-06
   3.3971550e+00  -8.4566346e-06
   3.3971800e+00  -8.4140727e-06
   3.3972040e+00  -8.3694787e-06
   3.3972290e+00  -8.4138876e-06
   3.3972530e+00  -8.4162390e-06
   3.3972780e+00  -8.4858548e-06
   3.3973020e+00  -8.5889668e-06
   3.3973260e+00  -8.5111829e-06
   3.3973510e+00  -8.4016944e-06
   3.3973750e+00  -8.3772737e-06
   3.3974000e+00  -8.3191341e-06
   3.3974240e+00  -8.3154834e-06
   3.3974490e+00  -8.3161903e-06
   3.3974730e+00  -8.3664808e-06
   3.3974980e+00  -8.4157108e-06
   3.3975220e+00  -8.3492429e-06
   3.3975460e+00  -8.4840218e-06
   3.3975710e+00  -8.4060586e-06
   3.3975950e+00  -8.4036320e-06
   3.3976200e+00  -8.3866020e-06
   3.3976440e+00  -8.3845454e-06
   3.3976690e+00  -8.4341108e-06
   3.3976930e+00  -8.4856906e-06
   3.3977170e+00  -8.5540866e-06
   3.3977420e+00  -8.5435324e-06
   3.3977660e+00  -8.5562052e-06
   3.3977910e+00  -8.5563483e-06
   3.3978150e+00  -8.5929402e-06
   3.3978400e+00  -8.5778494e-06
   3.3978640e+00  -8.6665416e-06
   3.3978890e+00  -8.6121333e-06
   3.3979130e+00  -8.6410442e-06
   3.3979370e+00  -8.6845701e-06
   3.3979620e+00  -8.6489781e-06
   3.3979860e+00  -8.6678218e-06
   3.3980110e+00  -8.6934002e-06
   3.3980350e+00  -8.6671701e-06
   3.3980600e+00  -8.6799469e-06
   3.3980840e+00  -8.8128862e-06
   3.3981090e+00  -8.7668340e-06
   3.3981330e+00  -8.6178909e-06
   3.3981570e+00  -8.6840988e-06
   3.3981820e+00  -8.7079559e-06
   3.3982060e+00  -8.7322754e-06
   3.3982310e+00  -8.7575734e-06
   3.3982550e+00  -8.7473458e-06
   3.3982800e+00  -8.7671812e-06
   3.3983040e+00  -8.8053267e-06
   3.3983280e+00  -8.7892088e-06
   3.3983530e+00  -8.7526876e-06
   3.3983770e+00  -8.6878237e-06
   3.3984020e+00  -8.7042902e-06
   3.3984260e+00  -8.6494714e-06
   3.3984510e+00  -8.6824953e-06
   3.3984750e+00  -8.6701478e-06
   3.3985000e+00  -8.7004982e-06
   3.3985240e+00  -8.7360542e-06
   3.3985480e+00  -8.6399367e-06
   3.3985730e+00  -8.5902500e-06
   3.3985970e+00  -8.6345810e-06
   3.3986220e+00  -8.6115448e-06
   3.3986460e+00  -8.6975041e-06
   3.3986710e+00  -8.6812923e-06
   3.3986950e+00  -8.5907721e-06
   3.3987190e+00  -8.5328940e-06
   3.3987440e+00  -8.5285670e-06
   3.3987680e+00  -8.4548139e-06
   3.3987930e+00  -8.4910692e-06
   3.3988170e+00  -8.4783346e-06
   3.3988420e+00  -8.4643872e-06
   3.3988660e+00  -8.6196529e-06
   3.3988910e+00  -8.5939549e-06
   3.3989150e+00  -8.5627216e-06
   3.3989390e+00  -8.4527030e-06
   3.3989640e+00  -8.3794090e-06
   3.3989880e+00  -8.3768351e-06
   3.3990130e+00  -8.5062757e-06
   3.3990370e+00  -8.4163597e-06
   3.3990620e+00  -8.3703727e-06
   3.3990860e+00  -8.3269477e-06
   3.3991100e+00  -8.3213693e-06
   3.3991350e+00  -8.2905827e-06
   3.3991590e+00  -8.2638341e-06
   3.3991840e+00  -8.3493598e-06
   3.3992080e+00  -8.3338081e-06
   3.3992330e+00  -8.2832399e-06
   3.3992570e+00  -8.4345951e-06
   3.3992820e+00  -8.3769713e-06
   3.3993060e+00  -8.3401683e-06
   3.3993300e+00  -8.2993478e-06
   3.3993550e+00  -8.3072414e-06
   3.3993790e+00  -8.4299113e-06
   3.3994040e+00  -8.3001372e-06
   3.3994280e+00  -8.2576545e-06
   3.3994530e+00  -8.2843485e-06
   3.3994770e+00  -8.3007569e-06
   3.3995010e+00  -8.2108957e-06
   3.3995260e+00  -8.1521706e-06
   3.3995500e+00  -8.2031696e-06
   3.3995750e+00  -8.2510093e-06
   3.3995990e+00  -8.2532047e-06
   3.3996240e+00  -8.1649344e-06
   3.3996480e+00  -8.2734472e-06
   3.3996730e+00  -8.2647459e-06
   3.3996970e+00  -8.1956576e-06
   3.3997210e+00  -8.2374909e-06
   3.3997460e+00  -8.2087017e-06
   3.3997700e+00  -8.2979646e-06
   3.3997950e+00  -8.3227654e-06
   3.3998190e+00  -8.3204604e-06
   3.3998440e+00  -8.2652588e-06
   3.3998680e+00  -8.1681514e-06
   3.3998920e+00  -8.2381268e-06
   3.3999170e+00  -8.2048863e-06
   3.3999410e+00  -8.1179197e-06
   3.3999660e+00  -8.1437929e-06
   3.3999900e+00  -8.2350099e-06
   3.4000150e+00  -8.2451147e-06
   3.4000390e+00  -8.1887655e-06
   3.4000640e+00  -8.2201474e-06
   3.4000880e+00  -8.2465684e-06
   3.4001120e+00  -8.2309459e-06
   3.4001370e+00  -8.2334807e-06
   3.4001610e+00  -8.1794540e-06
   3.4001860e+00  -8.2396820e-06
   3.4002100e+00  -8.2125732e-06
   3.4002350e+00  -8.1073828e-06
   3.4002590e+00  -8.1940071e-06
   3.4002830e+00  -8.1680877e-06
   3.4003080e+00  -8.1868447e-06
   3.4003320e+00  -8.2243888e-06
   3.4003570e+00  -8.2219611e-06
   3.4003810e+00  -8.2389158e-06
   3.4004060e+00  -8.1738683e-06
   3.4004300e+00  -8.2321048e-06
   3.4004550e+00  -8.1268004e-06
   3.4004790e+00  -8.1980652e-06
   3.4005030e+00  -8.2115052e-06
   3.4005280e+00  -8.2201388e-06
   3.4005520e+00  -8.2624249e-06
   3.4005770e+00  -8.3394544e-06
   3.4006010e+00  -8.2100399e-06
   3.4006260e+00  -8.2628381e-06
   3.4006500e+00  -8.2744343e-06
   3.4006740e+00  -8.2163944e-06
   3.4006990e+00  -8.2888646e-06
   3.4007230e+00  -8.2271653e-06
   3.4007480e+00  -8.1679246e-06
   3.4007720e+00  -8.1904894e-06
   3.4007970e+00  -8.1892783e-06
   3.4008210e+00  -8.0853222e-06
   3.4008460e+00  -8.1163011e-06
   3.4008700e+00  -8.1242468e-06
   3.4008940e+00  -8.1690661e-06
   3.4009190e+00  -8.1589599e-06
   3.4009430e+00  -8.1387809e-06
   3.4009680e+00  -8.1953367e-06
   3.4009920e+00  -8.1579471e-06
   3.4010170e+00  -8.1522008e-06
   3.4010410e+00  -8.2171371e-06
   3.4010650e+00  -8.1686643e-06
   3.4010900e+00  -8.2752953e-06
   3.4011140e+00  -8.2449035e-06
   3.4011390e+00  -8.2778912e-06
   3.4011630e+00  -8.1587893e-06
   3.4011880e+00  -8.0898557e-06
   3.4012120e+00  -8.1531663e-06
   3.4012370e+00  -8.1909820e-06
   3.4012610e+00  -8.1402391e-06
   3.4012850e+00  -8.1028032e-06
   3.4013100e+00  -8.1056241e-06
   3.4013340e+00  -8.1987919e-06
   3.4013590e+00  -8.1662407e-06
   3.4013830e+00  -8.1919621e-06
   3.4014080e+00  -8.1962282e-06
   3.4014320e+00  -8.1411190e-06
   3.4014570e+00  -8.2277708e-06
   3.4014810e+00  -8.1562561e-06
   3.4015050e+00  -8.0878426e-06
   3.4015300e+00  -8.1383068e-06
   3.4015540e+00  -8.0595096e-06
   3.4015790e+00  -8.1749348e-06
   3.4016030e+00  -8.2001751e-06
   3.4016280e+00  -8.1532556e-06
   3.4016520e+00  -8.2078346e-06
   3.4016760e+00  -8.1118037e-06
   3.4017010e+00  -8.1819686e-06
   3.4017250e+00  -8.1594729e-06
   3.4017500e+00  -8.1702684e-06
   3.4017740e+00  -8.1912857e-06
   3.4017990e+00  -8.2852600e-06
   3.4018230e+00  -8.2164768e-06
   3.4018480e+00  -8.2626806e-06
   3.4018720e+00  -8.1131506e-06
   3.4018960e+00  -8.2181804e-06
   3.4019210e+00  -8.2153420e-06
   3.4019450e+00  -8.1586188e-06
   3.4019700e+00  -8.1543252e-06
   3.4019940e+00  -8.1844990e-06
   3.4020190e+00  -8.1989698e-06
   3.4020430e+00  -8.2420463e-06
   3.4020670e+00  -8.1877796e-06
   3.4020920e+00  -8.2038934e-06
   3.4021160e+00  -8.1834427e-06
   3.4021410e+00  -8.1708738e-06
   3.4021650e+00  -8.2529457e-06
   3.4021900e+00  -8.2040771e-06
   3.4022140e+00  -8.1625379e-06
   3.4022390e+00  -8.1292961e-06
   3.4022630e+00  -8.1064173e-06
   3.4022870e+00  -8.0992433e-06
   3.4023120e+00  -8.1242739e-06
   3.4023360e+00  -8.1361258e-06
   3.4023610e+00  -8.1549551e-06
   3.4023850e+00  -8.1713824e-06
   3.4024100e+00  -8.1091906e-06
   3.4024340e+00  -8.0756334e-06
   3.4024580e+00  -8.0802524e-06
   3.4024830e+00  -8.1649326e-06
   3.4025070e+00  -8.2443799e-06
   3.4025320e+00  -8.1720632e-06
   3.4025560e+00  -8.1222871e-06
   3.4025810e+00  -8.1706354e-06
   3.4026050e+00  -8.1427492e-06
   3.4026300e+00  -8.2343056e-06
   3.4026540e+00  -8.1252728e-06
   3.4026780e+00  -8.2382047e-06
   3.4027030e+00  -8.1496456e-06
   3.4027270e+00  -8.2544876e-06
   3.4027520e+00  -8.2622354e-06
   3.4027760e+00  -8.2169911e-06
   3.4028010e+00  -8.1992023e-06
   3.4028250e+00  -8.1239042e-06
   3.4028490e+00  -8.1694141e-06
   3.4028740e+00  -8.1254488e-06
   3.4028980e+00  -8.2086984e-06
   3.4029230e+00  -8.2344546e-06
   3.4029470e+00  -8.1510041e-06
   3.4029720e+00  -8.2249222e-06
   3.4029960e+00  -8.2475336e-06
   3.4030210e+00  -8.1070734e-06
   3.4030450e+00  -8.1844743e-06
   3.4030690e+00  -8.1415686e-06
   3.4030940e+00  -8.0883671e-06
   3.4031180e+00  -8.1005126e-06
   3.4031430e+00  -8.1098799e-06
   3.4031670e+00  -8.1340347e-06
   3.4031920e+00  -8.1932409e-06
   3.4032160e+00  -8.1944765e-06
   3.4032400e+00  -8.1446032e-06
   3.4032650e+00  -8.2020432e-06
   3.4032890e+00  -8.1225828e-06
   3.4033140e+00  -8.1825203e-06
   3.4033380e+00  -8.1624829e-06
   3.4033630e+00  -8.1125535e-06
   3.4033870e+00  -8.1381302e-06
   3.4034120e+00  -8.1541427e-06
   3.4034360e+00  -8.2070248e-06
   3.4034600e+00  -8.2376193e-06
   3.4034850e+00  -8.2815383e-06
   3.4035090e+00  -8.2206486e-06
   3.4035340e+00  -8.1054937e-06
   3.4035580e+00  -8.0877150e-06
   3.4035830e+00  -8.1519605e-06
   3.4036070e+00  -8.2065941e-06
   3.4036310e+00  -8.1264892e-06
   3.4036560e+00  -8.1455987e-06
   3.4036800e+00  -8.1763249e-06
   3.4037050e+00  -8.1322713e-06
   3.4037290e+00  -8.1721729e-06
   3.4037540e+00  -8.1570766e-06
   3.4037780e+00  -8.2477080e-06
   3.4038030e+00  -8.2673900e-06
   3.4038270e+00  -8.1478432e-06
   3.4038510e+00  -8.1479299e-06
   3.4038760e+00  -8.1845900e-06
   3.4039000e+00  -8.2214607e-06
   3.4039250e+00  -8.1797588e-06
   3.4039490e+00  -8.1417766e-06
   3.4039740e+00  -8.2681475e-06
   3.4039980e+00  -8.2598422e-06
   3.4040220e+00  -8.1903057e-06
   3.4040470e+00  -8.1603383e-06
   3.4040710e+00  -8.1863459e-06
   3.4040960e+00  -8.3581459e-06
   3.4041200e+00  -8.2775237e-06
   3.4041450e+00  -8.2273124e-06
   3.4041690e+00  -8.0707529e-06
   3.4041940e+00  -8.0474609e-06
   3.4042180e+00  -8.0336249e-06
   3.4042420e+00  -8.2273845e-06
   3.4042670e+00  -8.1654208e-06
   3.4042910e+00  -8.1782224e-06
   3.4043160e+00  -8.1293391e-06
   3.4043400e+00  -8.1535647e-06
   3.4043650e+00  -8.1337182e-06
   3.4043890e+00  -8.2592394e-06
   3.4044130e+00  -8.1955010e-06
   3.4044380e+00  -8.1778598e-06
   3.4044620e+00  -8.1607358e-06
   3.4044870e+00  -8.1274503e-06
   3.4045110e+00  -8.0983863e-06
   3.4045360e+00  -8.1348583e-06
   3.4045600e+00  -8.1229532e-06
   3.4045850e+00  -8.2148853e-06
   3.4046090e+00  -8.1292613e-06
   3.4046330e+00  -8.1456871e-06
   3.4046580e+00  -8.1975432e-06
   3.4046820e+00  -8.1880341e-06
   3.4047070e+00  -8.2465433e-06
   3.4047310e+00  -8.0731493e-06
   3.4047560e+00  -8.1332381e-06
   3.4047800e+00  -8.2196744e-06
   3.4048040e+00  -8.0905838e-06
   3.4048290e+00  -8.1807069e-06
   3.4048530e+00  -8.1827388e-06
   3.4048780e+00  -8.2074845e-06
   3.4049020e+00  -8.1429745e-06
   3.4049270e+00  -8.2050203e-06
   3.4049510e+00  -8.1965951e-06
   3.4049760e+00  -8.1800058e-06
   3.4050000e+00  -8.1598182e-06
